0 1 0
1 1944 0
2 3 1
2 5 1
2 10 1
2 11 1
2 13 1
2 17 1
2 24 0
2 24 1
2 29 1
2 31 1
2 35 1
2 38 0
2 38 1
2 39 1
2 44 1
2 45 0
2 45 1
2 48 1
2 51 1
2 54 1
2 55 1
2 57 1
2 58 1
2 62 1
2 64 1
2 65 1
2 67 1
2 68 1
2 71 1
2 72 1
2 73 1
2 78 1
2 81 1
2 82 1
2 86 1
2 87 1
2 104 1
2 105 1
2 109 1
2 110 1
2 112 1
2 116 1
2 123 1
2 124 1
2 128 1
2 132 1
2 133 1
2 136 1
2 143 1
2 147 1
2 148 1
2 151 1
2 152 1
2 153 1
2 154 1
2 159 1
2 161 1
2 163 1
2 165 1
2 166 1
2 167 1
2 170 1
2 171 1
2 177 1
2 179 1
2 183 1
2 184 1
2 188 1
2 194 1
2 198 1
2 199 1
2 200 1
2 202 1
2 203 1
2 207 0
2 207 1
2 210 1
2 213 1
2 215 1
2 216 1
2 217 1
2 219 1
2 220 1
2 224 1
2 228 1
2 229 1
2 231 1
2 233 1
2 234 1
2 240 1
2 242 1
2 245 1
2 250 1
2 253 0
2 255 1
2 257 1
2 261 1
2 262 1
2 264 1
2 269 1
2 272 1
2 277 1
2 278 1
2 280 1
2 282 1
2 288 1
2 289 1
2 295 1
2 296 1
2 298 1
2 301 1
2 303 1
2 304 1
2 305 1
2 307 1
2 308 1
2 316 1
2 320 1
2 322 1
2 324 1
2 325 1
2 327 1
2 329 1
2 330 1
2 331 1
2 332 1
2 338 1
2 339 1
2 344 1
2 351 1
2 352 1
2 353 1
2 354 1
2 363 1
2 373 1
2 377 1
2 379 1
2 382 1
2 383 1
2 389 1
2 396 1
2 398 1
2 400 1
2 401 1
2 403 1
2 406 1
2 407 1
2 408 0
2 409 1
2 410 1
2 411 1
2 412 1
2 417 1
2 420 1
2 427 1
2 430 1
2 432 1
2 435 1
2 440 1
2 441 1
2 451 1
2 455 1
2 456 1
2 457 1
2 458 1
2 462 1
2 464 1
2 468 1
2 471 1
2 472 1
2 475 1
2 479 1
2 482 1
2 488 1
2 489 1
2 490 1
2 492 1
2 493 1
2 495 0
2 498 1
2 500 1
2 501 1
2 504 1
2 505 0
2 506 1
2 515 1
2 516 1
2 519 1
2 522 1
2 528 1
2 532 1
2 536 1
2 542 1
2 544 1
2 545 1
2 546 1
2 548 1
2 555 1
2 556 1
2 557 1
2 561 1
2 562 1
2 563 1
2 565 1
2 566 1
2 570 1
2 574 1
2 575 1
2 581 1
2 585 1
2 587 1
2 592 1
2 594 1
2 595 1
2 598 1
2 601 1
2 603 1
2 610 1
2 621 1
2 622 1
2 623 1
2 627 1
2 631 1
2 635 1
2 638 1
2 639 1
2 643 1
2 644 1
2 647 1
2 649 1
2 651 1
2 655 1
2 657 1
2 662 1
2 666 1
2 670 1
2 671 1
2 676 1
2 677 1
2 687 1
2 688 1
2 693 1
2 695 1
2 702 1
2 704 1
2 707 1
2 708 1
2 710 1
2 711 1
2 714 1
2 719 1
2 721 1
2 724 0
2 724 1
2 728 1
2 730 1
2 731 1
2 736 1
2 743 1
2 745 1
2 746 1
2 748 1
2 763 1
2 766 1
2 769 1
2 771 1
2 775 1
2 776 1
2 782 1
2 783 1
2 791 1
2 794 1
2 797 1
2 803 1
2 804 1
2 808 1
2 810 1
2 816 1
2 817 1
2 819 1
2 824 1
2 825 1
2 828 1
2 833 1
2 836 1
2 836 3
2 837 1
2 839 1
2 840 1
2 841 1
2 844 1
2 847 1
2 852 1
2 865 1
2 867 1
2 869 1
2 870 1
2 876 1
2 880 1
2 887 1
2 889 1
2 893 1
2 895 1
2 896 1
2 897 1
2 901 1
2 903 1
2 909 1
2 912 1
2 916 1
2 917 1
2 923 1
2 924 1
2 931 1
2 934 1
2 936 1
2 937 1
2 941 1
2 943 1
2 946 1
2 948 1
2 949 1
2 953 1
2 955 1
2 957 1
2 958 1
2 962 1
2 967 1
2 973 1
2 975 1
2 985 1
2 988 0
2 990 1
2 992 1
2 995 1
2 996 1
2 1001 1
2 1005 1
2 1009 1
2 1014 1
2 1016 1
2 1019 1
2 1024 1
2 1029 1
2 1031 0
2 1036 1
2 1037 1
2 1047 1
2 1048 1
2 1054 1
2 1058 1
2 1062 1
2 1063 1
2 1064 1
2 1070 0
2 1071 1
2 1072 1
2 1082 1
2 1083 1
2 1086 1
2 1088 1
2 1091 1
2 1092 1
2 1094 1
2 1095 1
2 1099 1
2 1102 1
2 1104 1
2 1109 1
2 1113 1
2 1115 1
2 1121 1
2 1122 1
2 1126 1
2 1131 1
2 1133 1
2 1136 1
2 1138 1
2 1139 1
2 1143 1
2 1145 1
2 1151 1
2 1154 1
2 1157 1
2 1161 1
2 1163 1
2 1164 1
2 1165 1
2 1168 1
2 1171 1
2 1176 1
2 1181 1
2 1187 1
2 1194 1
2 1195 1
2 1197 1
2 1203 1
2 1208 1
2 1212 1
2 1218 1
2 1221 1
2 1223 1
2 1228 1
2 1231 1
2 1232 1
2 1240 1
2 1244 1
2 1248 1
2 1252 1
2 1253 1
2 1257 1
2 1258 1
2 1262 1
2 1264 1
2 1271 1
2 1273 1
2 1280 1
2 1289 1
2 1291 1
2 1292 1
2 1298 1
2 1299 1
2 1302 1
2 1311 1
2 1317 1
2 1319 1
2 1324 1
2 1328 1
2 1333 1
2 1339 1
2 1341 1
2 1344 1
2 1348 1
2 1351 1
2 1354 1
2 1358 1
2 1359 1
2 1362 1
2 1363 1
2 1365 1
2 1370 1
2 1372 0
2 1374 1
2 1376 1
2 1382 1
2 1385 1
2 1390 1
2 1392 1
2 1396 1
2 1402 1
2 1404 1
2 1406 1
2 1408 1
2 1419 1
2 1426 1
2 1434 1
2 1436 1
2 1439 1
2 1442 1
2 1443 1
2 1447 1
2 1449 1
2 1454 1
2 1455 1
2 1459 1
2 1460 1
2 1465 1
2 1469 1
2 1473 1
2 1474 1
2 1477 0
2 1477 1
2 1480 1
2 1481 1
2 1485 1
2 1486 1
2 1487 1
2 1490 1
2 1492 1
2 1493 1
2 1500 1
2 1503 1
2 1504 1
2 1508 1
2 1509 1
2 1513 1
2 1516 1
2 1527 1
2 1528 1
2 1529 1
2 1534 1
2 1541 1
2 1542 1
2 1546 1
2 1549 1
2 1551 1
2 1552 1
2 1556 1
2 1559 1
2 1561 1
2 1565 1
2 1566 1
2 1574 1
2 1575 1
2 1581 1
2 1585 1
2 1587 1
2 1591 1
2 1592 1
2 1594 1
2 1599 1
2 1601 1
2 1607 1
2 1608 1
2 1614 1
2 1622 1
2 1626 1
2 1628 1
2 1633 1
2 1640 1
2 1642 1
2 1650 1
2 1651 1
2 1656 1
2 1657 1
2 1659 1
2 1660 1
2 1662 1
2 1665 1
2 1666 1
2 1671 1
2 1673 1
2 1676 1
2 1678 1
2 1681 1
2 1687 1
2 1689 1
2 1691 1
2 1692 1
2 1695 1
2 1699 1
2 1704 1
2 1706 1
2 1709 1
2 1715 1
2 1717 1
2 1720 1
2 1724 1
2 1726 1
2 1728 1
2 1729 1
2 1738 1
2 1741 1
2 1744 1
2 1746 1
2 1749 1
2 1750 1
2 1751 1
2 1754 1
2 1757 1
2 1759 1
2 1762 1
2 1763 1
2 1771 1
2 1776 1
2 1779 1
2 1785 1
2 1786 1
2 1790 1
2 1791 1
2 1792 1
2 1797 1
2 1804 1
2 1807 1
2 1808 1
2 1815 1
2 1816 1
2 1824 1
2 1825 1
2 1828 1
2 1831 1
2 1834 1
2 1837 1
2 1840 1
2 1848 1
2 1849 1
2 1854 1
2 1855 1
2 1857 1
2 1862 1
2 1866 1
2 1871 1
2 1873 1
2 1879 1
2 1882 1
2 1884 1
2 1888 1
2 1889 1
2 1895 1
2 1896 1
2 1898 1
2 1911 1
2 1912 1
2 1916 1
2 1918 1
2 1919 1
2 1925 1
2 1928 1
2 1930 1
2 1937 1
2 1943 1
2 1946 1
2 1952 1
2 1957 1
2 1958 1
2 1959 1
2 1965 1
2 1966 1
2 1970 1
2 1971 1
2 1979 1
2 1980 1
2 1987 1
2 1988 1
2 1992 1
2 1996 1
2 1997 1
2 2000 1
2 2001 1
2 2003 1
2 2005 1
2 2010 1
2 2019 1
2 2021 1
2 2027 1
2 2031 1
2 2032 1
2 2034 1
2 2037 1
2 2038 1
2 2041 1
2 2045 1
2 2048 1
2 2050 1
2 2054 1
2 2056 1
2 2061 1
2 2062 1
2 2067 1
2 2068 1
2 2072 1
2 2073 1
2 2075 1
2 2077 1
2 2081 1
2 2082 1
2 2088 1
2 2090 1
2 2091 1
2 2093 1
2 2099 1
2 2100 1
2 2101 1
2 2102 1
2 2106 1
2 2110 1
2 2115 1
2 2118 1
2 2122 1
2 2124 1
2 2128 1
2 2135 1
2 2138 1
2 2140 1
2 2142 1
2 2146 1
2 2150 1
2 2152 1
2 2153 1
2 2156 1
2 2160 1
2 2162 1
2 2163 1
2 2166 1
2 2172 1
2 2174 1
2 2184 1
2 2187 1
2 2188 1
2 2192 1
2 2195 1
2 2199 1
2 2202 1
2 2205 1
2 2206 1
2 2208 1
2 2209 1
2 2210 1
2 2218 1
2 2221 1
2 2222 1
2 2226 1
2 2238 1
2 2242 1
2 2243 1
2 2246 1
2 2251 1
2 2254 1
2 2256 1
2 2261 1
2 2266 1
2 2268 1
2 2271 1
2 2273 1
2 2276 1
2 2280 1
2 2282 1
2 2289 1
2 2294 1
2 2296 1
2 2302 1
2 2308 1
2 2311 1
2 2313 1
2 2320 1
2 2321 1
2 2322 1
2 2326 1
2 2329 1
2 2330 1
2 2331 1
2 2335 1
2 2339 1
2 2341 1
2 2344 1
2 2351 1
2 2355 1
2 2360 1
2 2364 1
2 2366 1
2 2371 1
2 2373 1
2 2378 1
2 2382 1
2 2387 1
2 2389 1
2 2393 1
2 2394 1
2 2401 1
2 2402 1
2 2405 1
2 2408 1
2 2411 1
2 2412 1
2 2417 1
2 2420 1
2 2421 1
2 2425 1
2 2430 1
2 2434 1
2 2444 1
2 2448 1
2 2449 1
2 2453 1
2 2459 1
2 2460 1
2 2461 1
2 2465 0
2 2466 1
2 2468 1
2 2471 1
2 2474 1
2 2477 1
2 2480 1
2 2481 1
2 2484 1
2 2487 1
2 2488 1
2 2492 1
2 2493 1
2 2498 1
2 2499 1
2 2500 1
2 2504 1
2 2508 1
2 2511 1
2 2512 1
2 2516 1
2 2522 1
2 2523 1
2 2530 1
2 2531 1
2 2532 1
2 2536 1
2 2538 1
2 2539 1
2 2542 1
2 2544 1
2 2547 1
2 2548 1
2 2552 1
2 2554 1
2 2556 1
2 2558 1
2 2564 1
2 2565 1
2 2567 1
2 2571 1
2 2573 1
2 2575 1
2 2576 1
2 2580 1
2 2581 1
2 2582 1
2 2584 1
2 2589 1
2 2592 1
2 2593 1
2 2594 1
2 2599 1
2 2602 1
2 2611 1
2 2613 1
2 2616 1
2 2621 1
2 2623 1
2 2624 1
2 2629 1
4 5 1
5 62 1
5 77 1
5 266 1
5 298 1
5 655 1
5 715 1
5 724 0
5 724 1
5 1299 1
5 1397 1
5 1838 1
5 2253 1
5 2295 1
5 2432 1
6 7 0
6 7 1
6 100 0
6 144 1
6 467 1
6 1068 3
6 1127 3
6 1260 1
6 2406 0
7 1755 0
7 1755 5
7 2089 1
8 9 1
8 1417 1
9 391 1
9 418 1
9 617 1
9 892 1
9 1125 1
9 1416 1
9 1926 1
11 12 1
11 132 0
11 132 1
11 228 1
11 292 1
11 474 1
11 1049 1
11 1643 1
11 1774 0
12 132 1
13 14 1
13 48 1
13 83 1
13 120 1
13 125 1
13 131 1
13 136 1
13 151 1
13 156 1
13 163 1
13 184 1
13 228 1
13 230 1
13 231 1
13 252 1
13 254 1
13 259 1
13 284 1
13 292 1
13 297 1
13 309 1
13 333 1
13 344 1
13 378 1
13 404 1
13 443 1
13 447 1
13 474 1
13 477 1
13 508 1
13 550 1
13 552 1
13 556 1
13 558 1
13 563 1
13 568 1
13 596 1
13 598 1
13 599 1
13 639 1
13 667 1
13 696 1
13 697 1
13 723 1
13 753 1
13 757 1
13 766 1
13 771 1
13 784 1
13 818 1
13 826 1
13 833 1
13 834 1
13 836 1
13 848 1
13 852 1
13 872 1
13 885 0
13 887 1
13 890 1
13 897 1
13 911 1
13 918 1
13 919 1
13 948 1
13 949 1
13 957 1
13 968 1
13 1000 1
13 1028 1
13 1032 1
13 1051 1
13 1062 1
13 1074 1
13 1093 1
13 1104 1
13 1106 1
13 1116 1
13 1121 1
13 1141 1
13 1142 1
13 1146 1
13 1155 1
13 1157 1
13 1160 1
13 1162 1
13 1165 1
13 1182 1
13 1198 1
13 1225 1
13 1241 1
13 1246 1
13 1259 1
13 1274 1
13 1304 1
13 1320 1
13 1328 1
13 1366 1
13 1385 1
13 1392 1
13 1420 1
13 1445 1
13 1461 1
13 1476 1
13 1494 1
13 1511 1
13 1513 1
13 1531 1
13 1544 1
13 1549 1
13 1562 1
13 1585 1
13 1593 1
13 1610 1
13 1615 1
13 1629 1
13 1644 1
13 1652 1
13 1663 1
13 1670 1
13 1679 1
13 1685 1
13 1694 1
13 1699 1
13 1716 1
13 1731 1
13 1734 1
13 1747 1
13 1760 1
13 1780 1
13 1795 1
13 1810 1
13 1826 1
13 1841 1
13 1856 1
13 1886 1
13 1890 1
13 1899 1
13 1913 1
13 1929 1
13 1948 1
13 1961 1
13 1999 1
13 2007 1
13 2010 1
13 2022 1
13 2038 1
13 2051 1
13 2068 1
13 2078 1
13 2092 1
13 2111 1
13 2126 1
13 2143 1
13 2154 1
13 2177 1
13 2189 1
13 2193 1
13 2195 1
13 2207 1
13 2228 1
13 2244 1
13 2255 1
13 2269 1
13 2279 1
13 2298 1
13 2312 1
13 2332 1
13 2342 1
13 2375 1
13 2391 1
13 2403 1
13 2414 1
13 2422 1
13 2450 1
13 2458 1
13 2472 1
13 2489 1
13 2502 1
13 2514 1
13 2524 1
13 2560 1
13 2568 1
13 2583 1
13 2603 1
13 2615 1
13 2625 1
14 369 1
15 16 0
16 1415 0
16 1655 0
16 2123 0
16 2619 0
17 18 1
17 160 0
17 167 1
17 216 1
17 357 1
17 669 1
17 752 1
17 849 1
17 873 1
17 901 1
17 1050 1
17 1290 1
17 1463 1
17 1551 1
17 1577 0
17 1963 1
17 2099 1
17 2527 1
19 20 1
19 153 0
19 153 1
19 306 1
19 468 1
19 581 1
19 1121 1
19 1394 1
19 1908 1
19 2200 1
19 2349 1
20 182 1
20 192 1
20 331 1
21 22 0
22 103 0
22 103 1
22 103 3
22 291 1
22 729 1
22 922 0
22 922 1
22 1658 0
22 1885 0
22 2083 0
23 24 0
23 179 1
24 61 0
24 61 1
24 63 1
24 152 0
24 152 1
24 184 0
24 184 1
24 192 1
24 307 1
24 330 1
24 331 1
24 479 1
24 562 0
24 598 1
24 823 0
24 1247 1
25 26 0
25 29 0
25 87 0
25 204 0
25 219 0
25 394 0
25 650 0
25 931 0
25 1009 0
25 1243 0
25 1293 0
25 1326 0
26 205 0
26 205 1
26 274 0
26 338 0
27 28 1
27 2451 1
28 112 1
28 845 0
28 845 3
28 2033 1
29 30 1
29 274 0
29 338 0
29 1242 0
30 285 1
32 33 1
32 1154 1
34 35 0
34 35 1
34 153 0
34 900 0
35 153 1
35 581 1
36 37 0
36 43 0
37 42 0
37 180 1
37 593 1
37 654 0
37 921 0
37 1347 1
37 1361 1
37 1722 0
37 1872 1
38 39 1
38 198 1
38 199 1
38 207 1
38 301 1
38 417 1
38 720 1
38 1105 1
38 1540 1
38 1769 1
39 198 1
39 199 1
39 301 1
39 417 1
39 1105 1
39 1108 1
39 1639 1
40 41 1
40 105 1
40 109 1
40 133 1
40 136 1
40 151 1
40 156 1
40 163 1
40 170 1
40 184 1
40 207 1
40 216 1
40 231 1
40 276 1
40 307 1
40 311 1
40 317 1
40 383 1
40 387 1
40 411 1
40 423 1
40 457 1
40 491 1
40 537 1
40 598 1
40 639 1
40 649 1
40 679 1
40 704 1
40 707 1
40 826 1
40 833 1
40 888 1
40 925 1
40 945 1
40 954 1
40 957 1
40 982 1
40 1019 1
40 1069 1
40 1094 1
40 1126 1
40 1146 1
40 1163 1
40 1189 1
40 1232 1
40 1234 1
40 1255 1
40 1296 1
40 1313 1
40 1346 1
40 1391 1
40 1411 1
40 1439 1
40 1565 1
40 1604 1
40 1635 1
40 1669 1
40 1717 1
40 1728 1
40 1770 1
40 1786 1
40 1787 1
40 1850 1
40 1922 1
40 2085 1
40 2249 1
40 2263 1
40 2285 1
40 2368 1
40 2394 1
40 2398 1
40 2399 1
40 2495 1
40 2607 1
42 43 0
43 654 0
44 129 1
46 47 0
46 47 2
46 1653 0
49 50 0
51 52 0
51 52 1
51 336 1
51 678 0
51 678 1
51 690 1
51 1624 0
51 1654 0
51 1654 1
53 54 0
53 1263 0
53 2030 0
54 132 0
54 132 1
54 1606 1
54 1936 0
56 57 0
58 178 1
58 200 0
58 200 1
58 200 3
58 468 0
58 581 0
58 1043 1
59 60 1
59 780 1
59 1067 1
59 1471 1
59 2291 1
61 262 1
62 63 1
62 132 1
62 139 0
62 139 1
62 159 1
62 162 0
62 298 1
62 496 0
62 715 0
62 715 1
62 1059 1
62 1183 1
63 76 1
63 78 1
63 107 2
63 139 1
63 175 1
63 179 1
63 205 1
63 215 1
63 240 1
63 358 1
63 533 1
63 540 1
63 808 1
63 947 1
63 1193 0
63 1364 1
63 1552 0
63 1951 1
63 2084 0
64 65 0
64 65 1
64 322 0
64 322 1
64 389 1
64 524 0
64 524 1
64 885 1
64 1033 1
64 1173 0
64 1563 1
65 143 0
65 173 1
65 255 0
65 490 0
65 524 0
65 524 1
65 547 0
65 1033 1
65 1172 0
65 1188 0
65 2072 0
66 67 0
66 67 1
66 487 0
66 832 0
66 969 0
66 1230 0
66 1448 0
66 1830 0
66 2002 0
66 2080 0
66 2158 0
66 2235 1
66 2245 0
66 2392 0
67 86 0
67 281 0
67 281 1
67 524 1
67 670 0
67 974 0
67 974 1
67 974 2
67 1489 1
67 1638 0
68 69 1
68 89 1
68 105 1
68 106 1
68 116 1
68 124 1
68 133 1
68 156 1
68 191 1
68 216 1
68 217 1
68 238 1
68 247 1
68 250 1
68 265 1
68 276 1
68 277 1
68 286 1
68 304 1
68 311 1
68 370 1
68 371 1
68 378 1
68 383 1
68 415 1
68 427 1
68 438 1
68 452 1
68 498 1
68 499 1
68 512 1
68 525 1
68 535 1
68 536 1
68 537 1
68 541 1
68 582 1
68 599 1
68 640 1
68 644 1
68 659 1
68 704 1
68 716 1
68 730 1
68 739 1
68 744 1
68 781 1
68 792 1
68 813 1
68 834 1
68 836 1
68 843 1
68 853 1
68 874 1
68 881 1
68 886 1
68 887 1
68 898 1
68 917 1
68 925 1
68 948 1
68 951 1
68 961 1
68 981 1
68 1022 1
68 1032 1
68 1049 1
68 1062 1
68 1069 1
68 1094 1
68 1106 1
68 1116 1
68 1122 1
68 1123 1
68 1126 1
68 1166 1
68 1174 1
68 1182 1
68 1194 1
68 1211 1
68 1220 1
68 1225 1
68 1256 1
68 1261 1
68 1297 1
68 1306 1
68 1313 1
68 1353 1
68 1386 1
68 1401 1
68 1440 1
68 1461 1
68 1472 1
68 1478 1
68 1494 1
68 1506 1
68 1511 1
68 1514 1
68 1550 1
68 1567 1
68 1586 1
68 1588 1
68 1625 1
68 1659 1
68 1670 1
68 1700 1
68 1704 1
68 1717 1
68 1718 1
68 1736 1
68 1743 1
68 1775 1
68 1786 1
68 1806 1
68 1812 1
68 1818 1
68 1836 1
68 1846 1
68 1878 1
68 1905 1
68 1910 1
68 1924 1
68 1942 1
68 1977 1
68 1983 1
68 2004 1
68 2011 1
68 2039 1
68 2069 1
68 2074 1
68 2088 1
68 2105 1
68 2118 1
68 2135 1
68 2159 1
68 2165 1
68 2185 1
68 2196 1
68 2204 1
68 2234 1
68 2241 1
68 2265 1
68 2274 1
68 2293 1
68 2324 1
68 2346 1
68 2354 1
68 2386 1
68 2409 1
68 2415 1
68 2436 1
68 2462 1
68 2485 1
68 2510 1
68 2540 1
68 2555 1
68 2577 1
68 2597 1
68 2600 1
68 2622 1
69 1068 3
70 71 0
70 111 1
70 424 1
70 572 1
70 579 0
70 728 0
70 728 1
70 1750 0
71 102 4
71 111 0
71 111 1
71 273 1
71 287 1
71 291 1
71 372 1
71 578 0
71 578 1
71 729 1
71 1363 1
73 74 1
73 674 1
73 1015 0
73 1015 1
73 1498 1
75 76 1
76 513 0
76 634 0
76 634 1
76 712 0
76 712 1
76 1006 0
76 1006 1
78 233 1
78 1557 0
78 2260 0
79 80 0
79 109 1
79 350 1
79 905 0
79 1224 0
80 472 0
80 905 0
82 132 1
82 633 1
82 866 1
84 85 0
84 394 0
84 1063 1
84 1334 0
84 1334 1
85 545 0
85 927 0
85 971 0
85 1242 0
85 1725 0
85 2257 0
86 87 1
86 218 0
86 223 1
86 494 0
86 625 1
86 660 1
86 674 0
86 819 0
86 838 0
86 838 1
86 906 1
86 1151 1
86 1152 1
86 1251 0
86 1844 1
87 218 0
87 274 0
87 338 0
87 1251 0
88 89 1
90 91 0
90 125 0
90 751 1
90 1462 1
90 1645 1
90 1962 1
90 2127 1
90 2293 0
90 2525 1
90 2620 0
91 316 1
92 93 2
94 95 1
94 790 1
94 980 0
94 980 1
94 1603 1
94 2248 1
95 980 1
96 97 0
96 366 1
96 1004 0
98 99 0
98 735 1
98 876 1
98 2071 1
100 101 1
100 157 1
100 212 1
100 239 1
100 319 1
100 393 1
100 467 1
100 560 0
100 560 1
100 606 1
100 681 1
100 740 1
100 928 1
100 984 1
100 1078 1
100 1101 1
100 1148 1
100 1190 1
100 1235 1
100 1309 1
100 1329 1
100 1371 1
100 1413 1
100 1453 1
100 1568 1
100 1605 1
100 1682 1
100 1752 1
100 1788 1
100 1847 1
100 1863 1
100 1892 1
100 1923 1
100 1955 1
100 2012 1
100 2059 1
100 2087 1
100 2157 1
100 2217 1
100 2250 1
100 2301 1
100 2315 1
100 2337 1
100 2369 1
100 2400 1
100 2437 1
100 2475 1
100 2497 1
100 2518 1
100 2586 1
100 2609 1
102 103 0
102 103 1
102 103 3
102 103 4
103 273 1
103 287 1
103 656 1
106 109 1
106 200 1
107 108 0
107 256 0
107 685 0
107 779 0
107 966 4
107 1132 0
107 1132 2
107 1833 4
107 2352 4
108 854 1
108 1068 3
109 110 1
109 136 1
109 147 1
109 163 1
109 167 1
109 228 1
109 231 1
109 232 1
109 238 1
109 242 1
109 255 1
109 261 1
109 276 1
109 302 1
109 304 1
109 311 1
109 344 1
109 351 1
109 372 1
109 386 1
109 423 1
109 458 1
109 474 1
109 490 1
109 491 1
109 515 3
109 552 1
109 556 1
109 562 1
109 577 1
109 598 1
109 612 1
109 649 1
109 704 1
109 737 1
109 757 1
109 798 1
109 821 1
109 834 1
109 881 1
109 888 1
109 908 1
109 925 1
109 945 1
109 954 1
109 981 1
109 1084 1
109 1106 1
109 1142 1
109 1146 1
109 1185 1
109 1185 3
109 1233 1
109 1247 1
109 1255 1
109 1290 1
109 1351 1
109 1391 1
109 1450 1
109 1484 1
109 1554 1
109 1565 1
109 1669 1
109 1685 1
109 1770 1
109 1850 1
109 1888 1
109 1916 1
109 2042 1
109 2107 1
109 2116 1
109 2185 1
109 2209 1
109 2398 1
109 2578 1
110 112 1
111 323 1
111 579 0
111 728 1
112 113 1
112 129 0
112 129 1
112 143 0
112 151 1
112 184 1
112 188 1
112 206 1
112 215 1
112 216 1
112 217 1
112 230 1
112 255 0
112 259 1
112 261 1
112 277 1
112 279 1
112 303 1
112 311 1
112 344 1
112 346 1
112 380 0
112 383 1
112 386 1
112 403 1
112 405 0
112 405 1
112 416 1
112 435 1
112 457 1
112 459 1
112 474 1
112 490 0
112 498 1
112 508 1
112 523 1
112 525 1
112 541 1
112 556 1
112 590 1
112 598 1
112 644 1
112 667 1
112 697 1
112 739 1
112 768 1
112 802 1
112 813 1
112 826 1
112 840 1
112 864 1
112 910 1
112 920 1
112 935 1
112 945 1
112 953 1
112 995 1
112 1010 1
112 1042 1
112 1070 0
112 1085 1
112 1116 1
112 1129 1
112 1146 1
112 1155 1
112 1157 1
112 1170 1
112 1207 1
112 1250 1
112 1312 1
112 1328 1
112 1346 1
112 1355 1
112 1395 1
112 1429 1
112 1476 1
112 1520 1
112 1555 1
112 1564 1
112 1601 1
112 1619 1
112 1635 1
112 1647 1
112 1663 1
112 1672 1
112 1695 1
112 1707 1
112 1740 1
112 1751 1
112 1768 1
112 1799 1
112 1818 1
112 1851 1
112 1880 1
112 1909 1
112 1991 1
112 2017 1
112 2043 1
112 2088 1
112 2096 1
112 2148 1
112 2168 1
112 2201 1
112 2259 1
112 2274 1
112 2304 1
112 2327 1
112 2350 1
112 2380 1
112 2442 1
112 2458 1
112 2463 1
112 2506 1
112 2543 1
112 2563 1
112 2579 1
112 2618 1
112 2631 1
114 115 1
114 209 1
114 478 1
114 478 3
114 989 1
114 1130 1
114 1606 1
114 1708 1
114 1881 1
114 2169 1
114 2305 1
114 2328 1
117 118 0
117 118 1
118 2569 1
119 120 0
119 221 0
121 122 0
121 937 0
122 142 1
122 937 1
122 1902 1
125 722 0
125 751 0
125 1418 0
125 1576 0
125 2112 0
125 2343 0
126 127 0
126 1379 0
127 381 0
127 1287 0
127 1405 0
127 1502 0
127 1598 0
127 1683 0
127 1784 0
127 2131 0
127 2286 0
127 2428 0
127 2604 0
129 130 0
129 186 0
129 187 0
129 235 0
129 251 0
129 282 0
129 295 1
129 329 0
129 340 0
129 351 1
129 402 0
129 442 0
129 444 0
129 540 0
129 540 1
129 549 0
129 576 0
129 604 0
129 626 0
129 703 0
129 707 1
129 714 1
129 749 0
129 787 0
129 788 0
129 871 0
129 944 0
129 1073 0
129 1075 0
129 1081 0
129 1081 2
129 1140 0
129 1199 0
129 1208 1
129 1212 1
129 1247 1
129 1282 0
129 1303 0
129 1325 0
129 1359 1
129 1364 1
129 1383 0
129 1407 0
129 1422 0
129 1444 0
129 1510 0
129 1527 1
129 1535 0
129 1553 1
129 1582 0
129 1600 0
129 1609 0
129 1630 0
129 1693 0
129 1697 0
129 1721 0
129 1727 0
129 1727 1
129 1764 0
129 1793 0
129 1809 0
129 1811 0
129 1859 0
129 1875 0
129 1876 0
129 1891 0
129 1897 0
129 1931 0
129 1960 0
129 1981 0
129 1982 0
129 2024 0
129 2064 0
129 2125 0
129 2144 0
129 2145 0
129 2147 0
129 2179 0
129 2227 0
129 2297 0
129 2299 0
129 2333 0
129 2365 0
129 2374 0
129 2435 0
129 2455 0
129 2482 0
129 2494 0
129 2501 0
129 2513 0
129 2559 0
129 2572 0
129 2595 0
129 2614 0
129 2626 0
129 2627 0
132 219 0
132 219 1
132 292 1
132 488 1
132 1475 1
132 1516 0
132 1927 1
134 135 1
136 202 1
137 138 1
139 140 0
139 202 1
139 240 1
139 316 1
139 450 1
139 543 0
139 544 0
139 551 0
139 736 1
139 892 1
139 905 0
139 905 3
139 998 0
139 998 1
139 998 3
139 1118 0
139 1228 1
139 1254 0
139 2023 0
139 2104 0
139 2454 0
140 240 0
141 142 1
141 769 1
141 1255 3
142 302 1
142 769 1
142 937 1
142 1255 3
143 144 0
143 144 1
143 390 0
143 579 0
143 608 0
143 704 0
143 819 0
143 1816 0
143 2175 0
144 905 1
144 918 1
145 146 0
145 902 0
145 1167 0
145 1279 0
145 1387 0
145 1499 0
145 1680 0
145 1690 0
145 2198 0
145 2347 0
145 2426 0
145 2550 0
149 150 0
149 859 0
151 202 1
152 153 0
152 153 1
152 269 1
152 306 1
152 330 0
152 330 1
152 353 0
152 353 1
152 379 0
152 379 1
152 468 1
152 581 0
152 1270 1
152 1423 0
152 2047 0
153 192 1
153 269 1
153 331 1
153 468 0
153 661 1
153 1044 0
153 1247 1
153 1272 0
153 2167 0
154 155 1
154 1184 1
158 159 1
159 770 0
159 770 1
159 920 0
159 959 1
159 1030 1
159 1331 0
159 1331 1
159 2214 1
160 999 0
160 1519 0
164 165 1
164 868 1
165 1466 0
167 243 1
167 267 3
167 1458 3
168 169 1
169 675 1
169 750 0
169 750 1
169 750 3
169 2063 1
170 1479 1
171 172 0
171 172 1
171 460 1
171 474 1
171 557 1
171 579 0
171 704 0
171 742 1
171 1816 0
172 1294 0
173 174 1
173 278 1
173 344 1
173 411 1
173 474 1
173 522 1
173 556 1
173 915 1
173 919 1
173 949 1
173 1110 1
173 1507 1
173 1551 1
173 2161 1
173 2532 1
175 176 1
175 240 1
175 335 0
175 335 2
175 481 0
175 829 0
175 1748 0
175 1893 0
175 1893 1
176 376 1
178 179 1
178 197 1
178 292 1
178 836 0
178 1247 0
178 1247 1
178 2018 0
179 331 1
179 693 1
179 1169 0
179 1169 1
179 1580 1
179 1986 1
179 2377 1
180 593 1
181 182 0
181 182 1
181 1579 0
181 1579 1
182 474 0
182 474 1
184 185 0
184 243 1
184 270 0
184 270 1
184 336 1
184 411 1
184 476 1
184 500 1
184 531 1
184 557 2
184 569 1
184 1998 1
185 957 0
188 476 1
188 500 1
188 569 1
189 190 0
189 215 0
192 269 1
192 306 1
192 326 1
192 330 1
192 344 1
192 347 1
192 353 1
192 379 1
192 581 1
192 760 1
192 940 1
192 950 1
192 1277 1
192 2589 1
193 194 1
193 544 1
194 544 1
194 591 1
194 1537 1
195 196 1
195 1414 0
198 199 1
198 301 1
198 417 1
198 625 1
198 819 3
198 1105 1
198 1486 1
198 1650 1
198 2384 1
199 301 1
199 1105 1
199 1486 1
199 1639 1
199 1650 1
199 2384 1
200 201 1
200 415 1
200 517 1
200 562 1
200 584 1
200 855 1
200 860 1
200 965 1
200 1043 0
200 1043 1
200 1043 3
200 1124 1
200 1464 1
200 1515 1
200 1517 1
200 1564 1
200 1615 1
200 1703 1
200 1754 1
200 2016 1
200 2325 1
200 2441 1
200 2553 1
202 203 1
202 207 1
202 208 1
202 228 1
202 303 1
202 325 1
202 345 1
202 358 1
202 407 1
202 459 1
202 508 1
202 587 1
202 600 1
202 644 1
202 647 1
202 705 1
202 720 1
202 738 1
202 813 1
202 888 1
202 909 1
202 911 1
202 953 1
202 1007 1
202 1021 1
202 1041 1
202 1126 1
202 1157 1
202 1168 1
202 1205 1
202 1296 1
202 1351 1
202 1356 1
202 1381 1
202 1428 1
202 1451 1
202 1464 1
202 1616 1
202 1634 1
202 1716 1
202 1766 1
202 1780 1
202 1798 1
202 1932 1
202 1954 1
202 2041 1
202 2095 1
202 2117 1
202 2166 1
202 2199 1
202 2214 1
202 2233 1
202 2258 1
202 2263 1
202 2326 1
202 2379 1
202 2596 1
202 2617 1
202 2630 1
204 205 0
204 338 0
204 937 0
204 1292 0
204 1468 0
205 302 0
205 809 0
205 809 1
205 937 1
205 1026 0
205 2147 0
207 208 1
207 208 3
207 258 0
207 258 1
207 307 1
207 476 1
207 492 1
207 690 1
207 720 1
207 720 3
207 909 3
207 1255 3
207 1333 1
207 1356 1
207 1356 3
207 1762 3
207 1769 1
207 2464 1
208 720 1
208 1356 1
211 212 1
212 422 1
212 467 1
212 611 0
212 878 3
213 214 0
213 273 1
213 287 1
213 489 0
213 656 1
213 1196 0
213 1711 0
213 1857 1
213 1870 0
213 2372 0
215 216 0
215 337 1
215 869 1
215 1102 1
215 1105 1
215 1675 1
217 243 1
218 219 0
219 221 1
219 243 1
219 274 0
219 338 0
219 564 0
219 625 1
219 674 0
219 819 0
219 838 0
219 838 1
219 1137 0
219 1242 0
219 1251 0
219 2517 0
221 222 0
221 1009 1
221 1033 1
221 1096 0
221 1200 0
221 1424 0
221 1468 0
221 1468 1
221 1713 0
221 1732 0
221 2066 0
221 2503 0
221 2566 0
223 224 1
223 587 1
223 906 1
224 267 1
224 587 1
224 1458 1
224 1490 1
225 226 1
225 344 1
226 314 1
226 495 0
227 228 0
228 462 0
228 473 0
228 799 0
228 1040 0
228 1832 0
230 1027 0
232 243 1
233 891 0
233 891 1
233 1907 1
236 237 1
236 600 1
236 911 1
236 1147 1
236 1464 1
236 1634 1
238 767 0
240 241 1
240 316 1
240 362 1
240 451 1
240 472 1
240 509 1
240 609 1
240 671 1
240 820 1
240 1153 1
240 1332 1
240 1397 1
240 2476 1
242 579 0
242 1816 0
243 244 1
243 267 1
243 326 1
243 397 1
243 407 1
243 558 1
243 674 1
243 808 1
243 940 1
243 1156 1
243 1157 1
243 1238 1
243 1314 1
243 1392 1
243 1569 1
243 1573 1
243 1724 1
243 1728 1
243 1756 1
243 1853 1
243 1894 1
243 1924 1
243 1957 1
243 2591 1
243 2610 1
244 391 1
244 615 1
244 617 1
244 892 1
246 247 1
246 572 1
246 648 1
246 728 1
247 295 3
247 559 3
247 624 1
247 624 3
247 728 0
247 728 1
248 249 0
248 249 1
248 665 0
248 665 1
248 1377 1
253 254 0
253 254 1
253 292 0
253 292 1
253 331 1
253 500 1
253 568 0
253 568 1
253 585 0
253 718 0
253 793 0
253 1104 0
253 1202 0
253 1425 0
253 1701 0
253 1984 0
253 2376 0
254 318 0
255 256 3
255 273 1
255 287 1
255 390 0
255 461 1
255 498 0
255 579 0
255 608 0
255 627 3
255 655 3
255 656 1
255 663 1
255 704 0
255 819 0
255 1310 1
255 1327 3
255 1420 0
255 1578 0
255 2175 0
256 854 1
260 261 2
261 270 0
261 282 0
261 308 0
261 341 1
261 376 1
261 586 0
261 631 0
261 638 2
261 904 0
261 1135 0
261 1193 0
261 1281 0
261 1432 0
261 1432 1
261 1860 0
261 1860 1
261 1967 0
261 2040 0
261 2211 0
261 2284 0
261 2427 0
261 2483 0
262 263 0
262 263 1
263 456 0
263 456 1
266 581 1
266 940 1
266 1457 1
266 1849 1
267 268 0
267 268 1
267 480 0
267 597 0
267 1155 0
267 1458 1
267 1458 3
269 330 0
269 330 1
269 353 0
269 353 1
269 379 1
269 468 1
269 1270 1
270 271 0
270 354 1
270 846 0
270 1026 0
270 1245 0
270 1611 0
270 1611 1
271 318 0
271 355 0
271 970 0
272 994 1
273 288 1
273 290 1
273 364 1
273 571 1
273 713 1
273 1177 1
273 1219 1
273 1403 1
273 1437 1
273 1560 1
273 1745 1
274 275 0
274 650 0
274 756 0
274 931 0
274 1009 0
274 1326 0
281 419 0
281 664 0
281 664 1
281 965 0
281 1278 0
281 1278 1
281 1278 3
281 1489 0
281 1489 1
281 1778 1
282 2303 1
283 284 0
283 284 1
285 1343 1
285 1583 1
287 288 1
287 290 1
287 364 1
287 421 1
287 571 1
287 624 1
287 713 1
287 965 1
287 1066 1
287 1177 1
287 1219 1
287 1357 1
287 1403 1
287 1437 1
287 1745 1
287 1835 1
287 1941 1
287 2013 1
287 2290 1
288 656 1
290 656 1
290 1020 0
290 1584 0
291 372 1
291 729 1
292 318 0
292 318 1
292 447 1
292 505 1
292 885 0
292 1089 1
292 1501 1
292 1817 1
292 2348 1
293 294 0
293 1532 0
294 485 1
294 667 3
294 955 0
295 448 1
295 516 1
295 624 3
295 680 1
295 1011 0
298 347 1
298 496 1
298 655 1
298 1030 1
298 1397 1
298 1858 1
298 1964 1
299 300 1
299 893 1
301 869 1
301 1105 1
302 303 0
302 303 1
302 1216 1
302 1617 1
303 406 1
305 336 1
306 307 1
306 331 1
306 479 1
306 598 1
307 330 1
307 353 1
309 310 0
309 310 1
309 439 1
309 521 1
309 605 0
309 689 1
309 717 0
309 717 1
309 774 0
309 859 1
309 1441 0
309 1441 1
309 1467 0
309 1467 1
309 1621 0
309 1978 1
309 2136 0
309 2264 1
309 2367 0
309 2410 1
311 1389 0
311 2359 0
312 313 0
312 313 1
312 313 3
314 315 1
316 490 1
316 736 1
316 1087 1
316 1488 1
318 447 0
318 447 1
318 525 0
318 568 0
318 846 0
318 1026 0
318 1118 1
318 1215 0
318 1215 1
318 1241 0
318 1245 0
318 1275 0
318 1611 0
318 1611 1
318 1777 0
318 2424 0
318 2601 0
320 321 0
320 321 1
322 389 0
322 389 1
322 507 0
322 524 0
322 547 0
322 630 0
322 1172 0
322 1184 3
322 1188 0
322 1342 0
322 1563 1
322 2072 0
322 2203 0
325 500 0
325 500 1
325 1335 0
328 329 1
328 2103 0
328 2338 0
329 375 0
329 461 0
329 846 0
329 999 1
329 2049 0
330 331 1
330 347 1
330 353 1
330 468 1
330 581 0
330 581 1
330 598 1
330 661 1
330 823 1
330 1975 1
330 2551 1
331 344 1
331 353 1
331 379 1
331 581 1
331 598 1
331 599 1
331 718 1
331 919 1
331 950 1
331 1548 1
331 1684 1
331 1998 1
331 2194 1
331 2200 1
334 335 1
334 389 1
334 1152 1
334 1153 0
334 1421 1
336 835 1
336 855 1
336 1515 1
336 1624 1
338 394 0
338 650 0
338 931 0
338 1009 0
338 1243 0
338 1293 0
338 1326 0
341 376 2
341 376 3
341 504 1
341 546 1
341 1328 3
341 1976 0
341 2109 0
341 2109 1
341 2220 3
342 343 0
342 343 1
342 1335 0
342 2181 0
343 532 1
344 907 1
344 913 0
344 926 0
344 1305 0
344 1512 0
344 1712 1
344 2215 0
344 2440 0
347 1111 0
348 349 1
348 979 1
348 1206 1
348 1933 1
348 2236 1
350 351 1
350 437 1
350 472 1
350 474 1
351 509 1
351 577 1
351 1011 0
353 468 1
353 581 1
353 598 1
353 661 1
353 1975 1
354 355 1
354 583 0
354 625 1
354 672 0
354 769 0
354 828 0
354 1068 3
354 1127 3
354 1761 0
354 1870 0
354 2283 0
355 846 0
355 1245 0
355 1611 0
355 1611 1
356 357 1
356 933 0
356 933 1
356 1107 0
356 1107 1
356 1143 1
357 414 0
357 414 1
357 932 3
357 933 0
357 933 3
357 1107 1
357 1143 1
357 1698 1
358 619 1
358 2479 1
359 360 0
361 362 0
362 472 0
362 472 1
362 509 1
362 820 1
362 1468 0
362 1538 1
362 1877 1
364 656 1
365 366 1
366 2633 1
367 368 0
367 863 0
367 863 3
369 370 1
369 407 1
369 474 1
369 960 1
369 1340 1
369 2070 1
369 2240 1
370 742 0
370 742 1
370 789 0
370 789 1
372 646 1
372 729 1
372 972 1
372 1025 1
372 1363 1
374 375 0
376 504 1
376 1328 3
376 1819 3
379 1269 0
379 1269 1
379 1269 3
384 385 0
384 385 1
384 2272 1
388 389 1
388 464 0
388 464 1
389 1184 3
389 1524 0
389 1524 1
390 490 0
391 392 0
394 395 0
394 395 1
394 545 0
394 1242 0
394 1660 0
394 2147 0
396 464 0
396 464 3
399 400 1
399 618 1
400 618 1
400 1080 0
400 1723 0
403 1354 1
405 1132 0
406 407 0
406 407 1
406 598 0
406 598 1
407 500 1
407 516 1
407 849 1
407 1210 1
407 1323 1
407 1368 0
407 1739 0
410 747 0
410 747 1
411 1664 1
412 413 0
412 413 1
414 933 0
415 819 0
415 1497 0
415 1870 0
417 1105 1
418 1417 1
420 553 1
421 422 0
421 1023 0
421 1375 0
424 620 1
424 728 1
425 426 1
425 426 3
426 1213 1
428 429 0
430 431 0
430 1525 0
430 1802 0
430 2447 0
433 434 1
433 1805 1
433 2262 1
434 1099 0
435 448 1
436 437 1
436 556 1
436 686 0
436 686 1
436 822 0
445 446 0
445 446 1
447 1803 1
447 2407 1
448 449 1
448 559 1
448 911 1
448 1178 0
449 1057 0
450 451 1
453 454 3
453 1035 3
453 1318 3
453 2076 3
453 2176 3
456 851 0
456 1264 1
456 1827 0
457 516 0
457 516 1
457 1011 0
460 461 1
461 557 1
461 627 0
461 632 0
461 663 0
461 663 1
461 1081 0
461 1310 1
461 1578 0
461 1641 0
461 2457 1
462 562 0
462 657 1
463 464 1
465 466 0
468 580 1
468 661 1
468 914 0
468 1037 0
468 1060 0
468 1378 0
468 1427 0
469 470 0
469 470 1
472 905 0
472 1224 0
473 474 0
474 655 1
474 724 1
474 791 1
474 799 0
474 939 1
474 1040 0
474 1482 1
474 1594 1
474 1832 0
476 522 1
476 558 1
476 888 1
476 1222 1
476 1272 0
476 1674 1
476 1945 1
478 479 2
481 1045 1
483 484 0
484 724 0
484 849 1
484 1045 0
484 1083 0
484 1216 0
484 1589 0
485 486 1
485 1285 1
485 1530 0
485 1530 1
485 1567 1
488 945 1
489 1268 1
489 2608 3
490 608 0
490 693 1
490 704 0
490 819 0
490 1399 0
490 1470 0
490 1677 0
490 1938 0
490 2108 0
490 2175 0
490 2191 0
491 1068 3
492 2044 1
492 2361 1
494 882 0
494 882 1
494 931 0
494 1009 0
494 1800 0
494 2053 0
495 983 0
495 983 1
496 497 1
496 959 1
496 1295 1
496 2292 1
497 1964 1
498 781 1
498 1204 0
498 1420 0
498 1526 0
498 2114 0
498 2239 1
498 2395 0
500 530 1
500 768 1
500 826 1
500 888 1
500 945 0
500 945 1
500 957 1
500 1157 1
500 1228 1
500 1523 1
500 1710 1
500 1728 1
500 1890 1
500 2173 1
500 2208 1
500 2446 1
502 503 0
502 503 1
503 839 0
503 839 1
503 2505 1
504 505 0
504 672 0
504 686 1
504 797 0
504 907 1
504 2221 1
505 2407 0
507 2370 0
509 820 0
509 1021 0
509 1021 1
509 1041 0
509 1056 0
510 511 1
510 2439 1
513 514 0
516 581 0
516 581 1
516 691 3
518 519 1
518 935 1
519 935 1
520 521 1
520 1360 1
520 1526 1
522 1144 0
524 974 0
524 974 2
524 1137 0
525 1027 0
526 527 0
526 1570 0
526 2590 0
528 529 0
528 876 1
528 1300 0
528 1986 1
528 2443 1
533 534 0
533 534 1
533 534 3
535 795 1
535 796 1
535 859 1
538 539 0
538 539 1
538 1491 0
538 1491 1
538 2134 3
538 2553 3
543 544 0
543 544 1
543 591 0
543 905 1
544 905 1
545 669 0
545 1153 0
545 1288 0
546 727 1
546 942 1
546 1360 1
546 1526 1
546 1758 1
546 2223 1
547 1173 0
553 554 1
553 574 1
553 600 1
553 647 1
553 671 1
553 824 1
553 879 1
553 1464 1
553 1533 1
553 1719 1
553 1751 1
553 2026 1
553 2180 1
553 2452 1
553 2570 1
557 558 2
557 1627 1
558 569 1
559 624 3
561 688 2
561 692 2
562 2046 1
562 2431 1
564 565 0
564 1063 0
565 2164 1
567 568 0
567 568 1
567 1118 1
567 1801 1
567 1864 0
568 767 0
568 767 1
568 885 0
568 1040 0
568 1057 0
568 1178 0
568 1373 0
568 1861 0
568 2314 0
569 1674 1
571 656 1
572 578 1
573 574 1
573 671 1
573 671 3
573 672 1
573 672 3
573 706 1
573 706 3
573 1430 1
573 1774 0
574 672 1
578 579 0
579 2029 0
580 581 1
581 846 0
581 899 0
581 1037 0
581 1060 0
581 1118 0
581 1393 3
581 1427 0
583 2340 0
588 589 1
588 618 1
593 1347 1
593 1361 1
593 1872 1
597 598 0
597 598 1
597 805 0
597 1770 0
597 2191 0
602 603 0
603 1338 0
603 1620 0
607 608 0
607 608 1
608 821 0
608 821 1
608 905 0
608 1286 0
608 1286 1
608 2020 1
608 2310 1
608 2404 1
608 2404 4
610 1068 3
611 744 0
611 744 1
611 1284 0
613 614 0
615 616 1
616 617 1
616 892 1
616 1125 1
618 1034 1
618 1046 1
620 621 1
620 728 1
620 804 1
621 727 1
623 1282 1
623 1753 1
623 2219 1
624 656 1
624 2267 1
625 819 1
625 937 1
625 1151 1
625 1292 1
625 2056 1
627 1252 0
627 1597 0
628 629 0
632 633 0
633 741 1
633 1352 3
633 1454 1
633 2137 3
633 2519 1
636 637 0
636 1632 0
638 1733 0
641 642 1
641 642 3
641 645 1
641 645 3
641 1388 1
641 1388 3
643 709 1
645 646 1
645 1159 0
645 1316 1
645 2353 1
647 672 3
647 1041 3
647 1751 3
647 1956 1
652 653 0
652 1337 0
655 1397 1
655 2336 1
656 713 1
656 965 1
656 1177 1
656 1219 1
656 1357 1
656 1403 1
656 1437 1
656 1560 1
656 1742 1
656 1745 1
656 1941 1
656 2013 1
657 658 1
658 673 1
661 1270 1
663 1310 1
665 1335 0
668 669 0
668 669 1
669 927 0
669 1242 0
669 1688 1
669 2257 0
671 672 1
671 672 3
671 706 1
672 706 1
672 769 1
672 827 1
672 1255 3
672 1751 3
673 1367 1
674 731 0
674 1015 0
674 1015 1
680 1781 1
682 683 0
684 685 0
684 779 0
686 687 0
686 808 1
686 840 0
686 840 1
686 907 1
686 915 1
687 936 1
689 785 0
689 1617 0
689 2113 0
689 2533 1
693 694 0
693 694 1
698 699 1
698 1612 1
700 701 1
707 1011 0
708 1341 1
709 710 1
709 1433 1
710 1031 1
714 1011 0
715 868 0
715 868 1
715 952 1
715 1030 1
715 2381 1
715 2598 1
724 1482 1
724 2309 0
725 726 1
725 1397 1
725 1446 1
725 1482 1
727 728 1
727 841 1
727 1249 1
727 1447 1
729 842 0
729 842 1
729 1363 1
731 819 0
732 733 0
734 735 0
734 1300 0
734 1301 0
735 1300 0
743 1480 0
743 1547 0
743 2121 0
743 2275 0
746 747 1
746 747 5
750 1268 1
750 2418 1
754 755 0
754 862 1
754 1696 0
754 2526 1
756 1191 1
757 758 0
757 1887 0
757 1887 1
759 760 1
759 1438 1
760 1438 1
761 762 1
762 1330 0
762 1330 1
762 2052 1
764 765 1
766 891 0
767 768 0
767 1094 0
767 1094 1
768 954 1
768 976 1
768 977 1
768 1114 1
768 1209 1
772 773 0
772 773 2
777 778 0
785 786 0
790 980 1
795 796 1
795 859 1
796 859 1
796 938 1
796 988 1
796 988 3
796 1796 0
800 801 3
802 935 1
806 807 1
808 906 1
808 936 1
808 989 1
808 1128 1
808 1606 1
808 1839 1
809 810 0
809 810 1
810 1031 1
810 1031 3
811 812 0
811 1431 0
811 2151 0
814 815 0
814 991 0
814 1090 0
814 1134 0
814 1623 0
814 2307 0
814 2383 0
819 838 1
819 1061 0
819 1518 0
820 821 0
820 1538 0
821 907 1
821 1056 0
821 1730 0
821 2473 1
822 2094 1
827 828 0
827 828 1
827 992 1
828 1708 0
828 2419 0
830 831 0
835 1456 0
838 1151 1
839 1031 0
846 970 0
849 850 1
849 1013 1
849 1283 0
850 987 1
850 1003 0
850 1558 0
856 857 0
858 859 0
858 859 1
859 2549 0
861 862 1
861 1483 1
862 1409 0
868 1457 1
868 2001 1
868 2253 1
874 875 3
877 878 3
878 1175 0
878 1175 5
882 1995 0
883 884 1
883 959 1
883 1536 1
884 2413 1
885 886 0
886 1652 1
894 895 3
894 1732 1
894 2065 3
903 1063 1
905 1224 0
905 1543 0
905 1730 0
905 2390 0
906 1794 1
929 930 1
932 933 3
933 1107 1
933 1143 1
933 1698 1
935 1805 1
937 1186 1
937 1293 0
937 1293 1
937 1902 1
938 939 1
938 2060 1
939 1482 1
939 2345 0
940 1060 0
945 2028 1
947 986 1
947 999 0
947 999 1
947 999 3
954 977 1
954 1114 1
954 1209 1
955 956 0
955 2088 0
957 2438 1
963 964 0
970 1245 0
970 1611 0
970 1611 1
971 1725 0
972 1025 1
972 1783 1
974 1033 0
974 1033 2
976 977 1
976 1114 1
976 1209 1
977 1209 1
978 979 1
978 2605 1
980 1603 1
980 2248 1
980 2606 1
991 1135 0
991 1201 0
992 993 1
992 2252 1
992 2612 1
994 995 1
997 998 0
997 998 3
999 1569 1
999 2232 1
1001 1002 0
1001 1845 0
1008 1009 1
1011 1041 0
1011 1041 1
1011 1359 0
1012 1013 0
1012 1013 1
1013 1068 3
1013 1127 3
1014 2385 1
1017 1018 0
1017 1018 1
1018 2300 0
1023 1057 0
1027 1028 0
1027 1152 0
1027 1486 0
1030 1059 1
1031 1372 1
1031 2561 1
1033 1137 0
1038 1039 1
1040 1065 0
1040 1412 1
1040 1452 1
1040 1735 1
1040 2086 1
1040 2467 0
1040 2478 0
1040 2496 1
1052 1053 0
1052 1410 2
1052 1874 0
1054 1055 0
1056 1538 0
1060 1292 1
1060 1671 0
1063 1660 1
1063 2251 1
1068 1069 3
1068 1103 3
1068 1127 3
1068 1284 3
1068 1690 3
1068 1899 3
1068 2015 3
1068 2070 3
1068 2281 0
1076 1077 0
1079 1080 0
1080 1829 0
1080 2197 0
1087 1088 1
1090 1135 0
1097 1098 1
1097 1136 1
1099 1100 0
1099 2515 0
1105 2149 0
1105 2149 1
1111 1112 0
1111 1112 1
1114 1209 1
1117 1118 1
1119 1120 1
1127 1284 3
1127 1690 3
1127 2070 3
1128 1705 1
1128 1767 1
1133 1160 1
1133 1160 3
1133 1316 1
1134 1135 0
1137 2076 0
1146 1578 0
1149 1150 0
1149 2541 0
1151 1152 1
1152 1865 0
1153 2178 0
1153 2178 1
1154 1369 0
1155 1458 1
1157 1400 0
1157 2025 3
1157 2239 1
1158 1159 0
1159 1447 0
1172 1173 0
1175 1239 1
1175 1239 5
1175 1686 0
1175 2416 5
1178 1455 0
1178 2229 0
1179 1180 0
1179 1180 1
1179 1985 1
1179 1985 4
1184 1216 1
1191 1192 0
1191 1737 0
1191 2562 0
1202 1661 0
1210 1211 1
1210 1323 1
1210 1457 1
1210 2507 1
1211 1323 1
1213 1214 1
1213 1357 1
1213 1545 0
1216 1217 3
1216 1448 0
1226 1227 0
1226 1227 1
1226 1267 0
1226 1267 1
1228 1229 3
1228 2270 1
1236 1237 0
1237 2423 0
1242 1243 0
1252 1704 0
1252 1704 2
1265 1266 0
1268 1613 1
1268 1968 1
1276 1277 0
1292 1293 0
1292 1293 1
1292 1518 1
1292 1737 0
1293 1518 1
1299 1489 1
1300 1301 0
1302 1965 1
1307 1308 0
1315 1316 1
1315 2334 0
1321 1322 0
1323 1456 0
1323 1457 1
1323 1883 1
1331 2445 1
1335 1336 0
1335 1990 0
1345 1346 1
1349 1350 3
1349 1384 3
1350 1384 3
1357 1447 1
1357 1947 1
1364 1602 0
1364 1765 0
1369 1659 0
1369 1991 0
1380 1381 0
1381 2433 0
1389 2141 0
1398 1399 0
1400 1989 1
1416 1417 1
1416 1926 1
1432 2211 0
1435 1436 1
1446 2356 1
1447 2006 1
1456 1457 0
1475 2155 1
1477 2537 0
1479 1480 1
1487 1518 0
1489 2318 1
1495 1496 0
1504 1505 4
1518 2388 0
1521 1522 0
1524 2072 0
1539 1540 1
1571 1572 0
1583 1584 0
1583 1631 1
1583 2628 1
1589 1590 0
1589 1867 0
1589 2486 0
1594 1595 1
1594 2079 1
1596 1597 1
1606 2186 1
1617 1618 1
1618 1883 1
1636 1637 1
1637 2306 1
1646 1647 1
1647 1738 1
1648 1649 0
1648 2013 0
1650 1953 0
1650 1953 1
1666 1852 1
1666 2107 1
1667 1668 1
1675 2152 1
1684 1714 1
1701 1702 1
1702 1885 0
1704 1906 1
1704 1917 0
1704 1917 1
1772 1773 1
1781 1782 1
1789 1790 0
1813 1814 0
1820 1821 1
1821 2055 1
1821 2060 1
1822 1823 0
1822 1823 1
1842 1843 0
1852 2108 1
1857 1858 1
1868 1869 0
1879 2273 1
1883 2253 1
1883 2585 1
1893 2139 1
1900 1901 1
1903 1904 0
1914 1915 0
1920 1921 0
1920 2323 0
1934 1935 0
1939 1940 1
1949 1950 1
1968 1969 1
1971 1972 1
1973 1974 0
1985 2190 1
1993 1994 0
1993 2237 0
2008 2009 0
2008 2009 3
2014 2015 1
2035 2036 1
2057 2058 0
2089 2247 0
2097 2098 0
2107 2108 1
2108 2456 0
2119 2120 0
2129 2130 3
2132 2133 0
2149 2216 0
2164 2574 1
2170 2171 1
2182 2183 0
2212 2213 2
2224 2225 4
2230 2231 1
2249 2319 0
2253 2336 1
2277 2278 1
2278 2557 1
2287 2288 0
2316 2317 1
2356 2509 0
2357 2358 0
2362 2363 1
2381 2429 1
2396 2397 1
2417 2632 0
2469 2470 3
2490 2491 0
2520 2521 0
2528 2529 0
2534 2535 0
2545 2546 0
2587 2588 1
