0 1 0
0 3 17
0 5 0
0 9 26
0 10 28
0 26 35
0 35 0
0 44 20
0 50 0
0 52 18
0 56 20
0 57 18
0 64 26
0 99 26
0 113 35
0 351 0
1 9 0
1 10 0
1 11 0
1 27 0
1 35 0
1 46 0
1 50 0
1 56 0
1 97 0
1 125 0
1 140 0
1 141 0
1 193 0
1 228 0
1 263 0
1 267 0
1 271 0
1 272 0
1 318 0
1 358 0
2 3 1
2 3 17
2 4 1
2 6 1
2 8 1
2 9 1
2 9 23
2 10 1
2 14 1
2 14 6
2 14 14
2 15 1
2 18 1
2 18 25
2 20 1
2 26 1
2 26 35
2 31 1
2 33 1
2 34 1
2 35 1
2 37 1
2 38 1
2 39 1
2 43 1
2 43 13
2 44 1
2 44 20
2 48 1
2 50 1
2 52 1
2 53 1
2 53 19
2 56 1
2 56 20
2 57 1
2 58 1
2 58 21
2 64 1
2 64 26
2 67 1
2 86 1
2 92 1
2 96 1
2 97 1
2 100 1
2 104 1
2 107 1
2 107 34
2 109 1
2 109 24
2 110 1
2 113 1
2 121 1
2 125 1
2 132 1
2 134 1
2 139 1
2 139 22
2 142 1
2 145 1
2 146 1
2 152 1
2 153 1
2 172 1
2 177 1
2 187 1
2 189 1
2 205 1
2 207 1
2 211 1
2 216 1
2 218 1
2 231 1
2 232 1
2 240 1
2 241 1
2 261 1
2 262 1
2 269 1
2 284 1
2 301 1
2 306 1
2 308 1
2 313 1
2 315 1
2 316 1
2 327 1
2 332 1
2 348 1
2 361 1
2 376 1
2 379 1
2 385 1
2 389 1
2 396 1
2 414 1
3 4 0
3 4 17
3 6 17
3 6 31
3 7 3
3 7 17
3 8 17
3 9 17
3 9 23
3 10 17
3 14 17
3 15 17
3 16 17
3 18 25
3 20 7
3 20 17
3 26 9
3 26 17
3 26 35
3 31 17
3 34 7
3 34 17
3 35 17
3 38 11
3 38 17
3 39 17
3 41 17
3 43 17
3 44 0
3 44 17
3 44 20
3 46 17
3 46 18
3 48 16
3 50 17
3 51 18
3 52 17
3 52 18
3 52 20
3 53 17
3 53 19
3 56 17
3 56 20
3 57 17
3 58 21
3 59 22
3 61 4
3 64 17
3 67 17
3 67 30
3 73 4
3 74 18
3 86 17
3 86 18
3 86 20
3 93 17
3 96 17
3 97 15
3 97 17
3 100 36
3 101 18
3 102 3
3 104 7
3 104 17
3 107 17
3 107 34
3 109 17
3 109 24
3 110 17
3 110 18
3 125 4
3 125 17
3 139 21
3 142 17
3 145 17
3 146 17
3 146 18
3 146 20
3 150 0
3 153 17
3 174 17
3 177 17
3 193 0
3 231 17
3 235 18
3 243 17
3 263 0
3 289 17
3 292 0
3 324 0
4 5 0
4 5 2
4 6 0
4 7 3
4 9 23
4 9 33
4 10 28
4 11 0
4 14 6
4 24 8
4 26 35
4 39 12
4 40 12
4 43 4
4 43 13
4 44 20
4 47 2
4 48 16
4 50 0
4 52 0
4 52 18
4 52 20
4 56 20
4 57 18
4 60 4
4 61 4
4 61 24
4 62 4
4 62 26
4 64 4
4 64 26
4 65 2
4 67 2
4 69 2
4 70 2
4 76 2
4 86 18
4 97 2
4 97 15
4 98 2
4 99 26
4 107 4
4 107 32
4 107 34
4 108 0
4 109 24
4 110 16
4 112 2
4 116 0
4 117 4
4 126 2
4 146 0
4 146 18
4 155 12
4 162 2
4 175 0
4 177 13
4 187 15
4 190 0
4 214 2
4 214 26
4 215 26
4 231 8
4 235 2
4 235 26
4 292 0
4 342 0
4 351 0
5 9 33
5 12 2
5 16 2
5 19 2
5 32 2
5 46 2
5 67 2
5 69 2
5 73 2
5 76 2
5 79 2
5 88 2
5 89 2
5 101 2
5 112 2
5 113 2
5 116 2
5 126 2
5 133 2
5 141 0
5 161 2
5 162 2
5 180 2
5 182 2
5 186 2
5 196 2
5 204 2
5 219 2
5 255 2
5 415 2
6 7 3
6 8 20
6 8 31
6 9 23
6 9 31
6 10 28
6 10 31
6 14 31
6 18 25
6 18 31
6 20 7
6 20 31
6 24 8
6 26 31
6 26 35
6 34 31
6 35 31
6 38 11
6 38 31
6 39 31
6 43 13
6 43 31
6 44 20
6 44 31
6 50 31
6 52 20
6 52 31
6 53 12
6 53 19
6 53 31
6 56 20
6 56 31
6 64 12
6 64 26
6 64 31
6 67 30
6 69 12
6 73 12
6 74 31
6 79 31
6 85 5
6 86 31
6 87 31
6 97 31
6 100 31
6 100 36
6 104 27
6 107 12
6 107 15
6 107 31
6 109 24
6 109 31
6 117 0
6 118 31
6 123 31
6 124 31
6 126 12
6 142 31
6 145 31
6 146 31
6 160 31
6 182 12
6 196 31
6 217 12
6 220 31
6 221 31
6 231 31
6 271 31
6 295 31
6 359 12
6 413 31
7 8 3
7 8 4
7 8 20
7 9 3
7 9 23
7 9 33
7 10 3
7 10 8
7 10 28
7 19 4
7 20 3
7 26 3
7 31 3
7 34 3
7 35 3
7 41 3
7 43 4
7 43 13
7 44 3
7 44 20
7 46 9
7 47 3
7 48 16
7 50 3
7 52 20
7 53 3
7 56 3
7 56 20
7 60 3
7 61 3
7 61 4
7 64 3
7 64 4
7 67 30
7 73 4
7 85 5
7 90 3
7 97 3
7 97 4
7 97 15
7 100 3
7 102 3
7 104 3
7 107 3
7 107 4
7 107 34
7 108 3
7 109 3
7 109 24
7 113 3
7 114 3
7 117 4
7 125 3
7 140 3
7 146 3
7 151 3
7 151 5
7 165 3
7 177 3
7 187 3
7 191 3
7 191 4
7 267 3
7 267 13
7 285 8
7 305 3
7 357 0
8 9 4
8 9 23
8 10 4
8 10 28
8 14 4
8 14 6
8 15 4
8 16 29
8 20 4
8 20 7
8 24 0
8 26 9
8 26 35
8 27 4
8 31 4
8 34 20
8 38 4
8 38 11
8 38 20
8 41 15
8 43 4
8 43 13
8 43 20
8 44 20
8 48 16
8 49 4
8 52 18
8 52 20
8 53 19
8 53 20
8 56 20
8 57 18
8 57 20
8 61 4
8 62 4
8 62 20
8 64 4
8 64 26
8 67 30
8 70 4
8 73 4
8 73 8
8 82 4
8 86 18
8 90 15
8 97 4
8 97 15
8 97 20
8 99 4
8 99 20
8 100 36
8 101 4
8 102 3
8 102 4
8 107 4
8 107 32
8 107 34
8 109 8
8 109 20
8 109 24
8 110 16
8 117 4
8 125 29
8 146 20
8 173 13
8 177 4
8 177 13
8 187 4
8 187 13
8 212 26
8 214 4
8 215 4
8 215 20
8 231 4
8 235 4
8 235 20
8 260 33
8 267 4
9 10 23
9 13 4
9 14 14
9 14 23
9 14 33
9 16 23
9 17 15
9 17 33
9 18 25
9 19 4
9 19 23
9 20 7
9 20 23
9 20 27
9 21 23
9 22 23
9 24 8
9 26 23
9 26 35
9 27 33
9 31 15
9 31 33
9 34 7
9 34 23
9 35 0
9 35 23
9 35 33
9 37 0
9 37 23
9 38 4
9 38 11
9 38 23
9 41 15
9 41 33
9 43 13
9 43 23
9 44 20
9 44 23
9 46 0
9 46 15
9 46 18
9 46 33
9 48 23
9 49 0
9 49 33
9 50 0
9 50 23
9 52 23
9 53 19
9 53 23
9 56 0
9 56 20
9 56 23
9 57 23
9 58 33
9 59 22
9 59 33
9 61 4
9 61 24
9 62 33
9 64 4
9 64 23
9 64 26
9 67 30
9 68 23
9 73 0
9 73 4
9 74 33
9 76 4
9 82 4
9 82 23
9 86 23
9 86 33
9 94 29
9 96 4
9 97 4
9 97 15
9 97 23
9 97 33
9 99 33
9 100 23
9 100 36
9 102 3
9 104 7
9 104 23
9 104 27
9 107 4
9 107 23
9 107 34
9 108 23
9 108 26
9 109 23
9 109 24
9 110 0
9 110 23
9 113 23
9 114 33
9 116 33
9 117 4
9 120 23
9 125 4
9 125 23
9 127 33
9 133 4
9 133 23
9 139 33
9 143 23
9 145 23
9 146 20
9 146 23
9 148 33
9 151 23
9 153 23
9 156 33
9 163 23
9 164 23
9 167 23
9 171 23
9 174 23
9 177 13
9 178 29
9 187 23
9 193 0
9 203 23
9 204 23
9 219 26
9 229 23
9 230 23
9 231 23
9 239 30
9 267 23
9 276 23
9 281 23
9 306 33
9 310 33
9 316 33
9 320 23
9 331 23
9 372 33
9 390 33
10 11 0
10 12 8
10 14 6
10 14 28
10 16 28
10 18 25
10 19 4
10 20 7
10 20 8
10 20 28
10 24 8
10 26 28
10 26 35
10 30 0
10 31 28
10 34 7
10 35 4
10 35 28
10 37 28
10 38 11
10 38 28
10 43 28
10 44 20
10 46 28
10 50 0
10 50 28
10 53 19
10 53 28
10 56 20
10 57 20
10 58 22
10 59 22
10 62 28
10 64 26
10 64 28
10 67 30
10 73 0
10 74 33
10 85 5
10 86 28
10 89 8
10 90 28
10 94 29
10 96 17
10 97 8
10 97 15
10 97 28
10 99 28
10 100 36
10 102 3
10 102 28
10 104 7
10 104 28
10 107 8
10 107 28
10 107 34
10 108 0
10 108 26
10 108 28
10 109 8
10 109 24
10 109 28
10 110 28
10 113 28
10 117 4
10 118 28
10 122 0
10 125 28
10 125 29
10 132 1
10 133 28
10 141 0
10 145 28
10 146 28
10 151 0
10 151 28
10 160 28
10 170 28
10 177 28
10 187 28
10 203 28
10 219 28
10 222 28
10 228 8
10 263 0
10 285 8
10 293 32
10 306 22
10 353 32
10 376 1
10 395 5
11 48 0
12 13 5
12 13 8
12 17 2
12 24 8
12 30 8
12 31 0
12 31 2
12 41 2
12 43 8
12 46 2
12 67 2
12 67 8
12 75 2
12 79 2
12 82 8
12 85 5
12 89 2
12 89 8
12 107 8
12 114 2
12 117 2
12 123 2
12 192 0
12 193 0
12 206 2
12 251 2
12 252 2
12 275 2
12 277 29
12 285 8
13 17 4
13 19 4
13 31 4
13 31 30
13 43 4
13 46 4
13 61 4
13 73 4
13 76 4
13 82 4
13 97 4
13 97 30
13 109 30
13 114 4
13 114 30
13 133 4
13 203 4
13 230 4
13 239 30
14 15 6
14 15 8
14 15 14
14 20 7
14 24 8
14 26 0
14 26 35
14 38 11
14 39 14
14 43 5
14 43 6
14 43 13
14 44 6
14 44 20
14 45 6
14 45 14
14 48 16
14 50 17
14 51 6
14 51 14
14 52 6
14 52 20
14 53 19
14 56 6
14 56 20
14 60 4
14 61 4
14 62 6
14 62 26
14 64 4
14 64 6
14 64 26
14 74 6
14 74 14
14 83 6
14 83 14
14 85 5
14 86 6
14 89 8
14 92 14
14 97 6
14 97 15
14 107 6
14 107 34
14 109 6
14 109 24
14 117 4
14 118 31
14 119 6
14 119 14
14 122 0
14 125 4
14 136 6
14 136 14
14 137 6
14 137 14
14 139 22
14 141 0
14 142 14
14 145 6
14 154 6
14 154 14
14 176 6
14 202 14
14 208 14
14 209 14
14 220 5
14 220 6
14 220 14
14 231 14
14 237 14
14 303 6
14 303 14
14 304 6
14 309 14
14 312 14
14 314 14
14 325 6
14 325 14
14 340 14
14 364 6
14 364 14
14 367 14
14 369 14
14 370 14
14 381 14
14 388 14
14 399 14
14 407 14
14 411 14
15 26 35
15 44 6
15 44 18
15 45 14
15 48 16
15 52 6
15 52 18
15 53 19
15 56 6
15 57 6
15 57 16
15 61 4
15 61 24
15 64 26
15 74 6
15 74 14
15 76 2
15 83 6
15 83 14
15 89 2
15 117 4
15 141 2
15 145 6
15 220 6
15 303 6
15 325 14
15 364 6
16 17 2
16 20 7
16 23 29
16 31 2
16 43 13
16 43 29
16 44 20
16 46 2
16 52 20
16 52 29
16 56 20
16 56 29
16 57 29
16 63 2
16 67 2
16 67 30
16 82 29
16 94 29
16 110 18
16 110 29
16 114 2
16 120 29
16 146 29
16 158 2
16 181 2
16 221 2
16 230 29
16 246 29
16 249 29
16 250 29
16 276 29
16 277 29
16 323 2
16 324 29
17 19 2
17 19 4
17 32 2
17 34 27
17 43 15
17 44 18
17 46 2
17 46 18
17 47 2
17 47 32
17 49 32
17 52 18
17 56 18
17 61 2
17 61 4
17 67 2
17 67 30
17 68 2
17 69 2
17 73 4
17 76 2
17 76 4
17 82 2
17 86 18
17 88 2
17 89 2
17 90 32
17 97 15
17 98 2
17 104 7
17 104 27
17 107 2
17 107 15
17 107 34
17 112 2
17 113 2
17 121 2
17 125 2
17 125 4
17 131 2
17 133 2
17 133 4
17 157 2
17 161 2
17 163 2
17 180 2
17 182 2
17 186 2
17 203 4
17 204 2
17 217 2
17 230 4
17 239 30
17 245 2
17 260 33
17 279 2
17 285 8
18 19 2
18 20 25
18 21 25
18 26 25
18 34 25
18 36 25
18 38 11
18 43 25
18 44 25
18 52 25
18 53 25
18 56 20
18 56 25
18 61 25
18 64 25
18 67 2
18 67 25
18 73 12
18 76 2
18 86 25
18 89 2
18 91 25
18 97 25
18 98 2
18 100 25
18 100 36
18 104 25
18 104 27
18 107 25
18 108 25
18 112 2
18 123 25
18 124 25
18 142 25
18 145 25
18 146 25
18 160 25
18 164 25
18 171 25
18 181 25
18 186 2
18 213 25
18 245 2
18 245 25
18 283 25
18 308 25
18 337 25
18 355 25
18 408 25
19 23 4
19 23 29
19 30 2
19 31 2
19 31 4
19 35 4
19 43 4
19 46 2
19 46 4
19 50 4
19 51 2
19 62 4
19 63 2
19 67 2
19 79 2
19 83 4
19 89 2
19 97 4
19 107 4
19 114 2
19 114 4
19 117 4
19 118 4
19 124 12
19 158 2
19 163 2
19 181 2
19 239 2
19 249 4
19 251 2
19 252 2
19 277 29
19 347 2
19 350 2
19 393 2
20 21 7
20 21 27
20 24 8
20 26 9
20 26 35
20 31 27
20 34 7
20 34 27
20 35 7
20 36 7
20 37 7
20 38 11
20 38 27
20 43 4
20 43 7
20 43 13
20 44 7
20 44 20
20 48 16
20 50 7
20 52 7
20 52 18
20 53 19
20 56 7
20 56 20
20 57 7
20 59 22
20 60 27
20 61 4
20 61 27
20 64 7
20 64 27
20 67 7
20 67 27
20 76 4
20 79 7
20 82 27
20 86 7
20 86 18
20 96 17
20 97 7
20 100 7
20 100 27
20 100 36
20 104 7
20 104 27
20 107 34
20 108 7
20 109 7
20 109 24
20 110 7
20 113 7
20 117 4
20 124 7
20 125 4
20 125 7
20 132 1
20 143 7
20 146 7
20 160 7
20 163 10
20 164 7
20 167 10
20 169 7
20 174 7
20 177 7
20 196 7
20 276 7
20 281 7
20 281 27
20 300 27
20 337 7
21 34 36
21 56 20
21 61 27
21 104 7
21 104 27
21 117 27
21 118 27
21 143 10
21 163 10
21 164 7
21 164 27
21 167 7
21 167 27
21 168 10
21 179 10
21 183 27
21 198 7
21 276 10
21 282 10
21 329 10
21 335 10
21 360 10
22 23 0
22 35 0
22 82 29
22 125 29
22 249 29
23 50 0
23 61 29
23 73 29
23 94 29
23 125 29
24 25 8
24 26 35
24 34 8
24 43 8
24 43 13
24 44 8
24 44 18
24 44 20
24 46 9
24 48 8
24 48 16
24 50 8
24 52 20
24 53 8
24 56 8
24 56 20
24 57 8
24 57 16
24 73 8
24 83 18
24 89 8
24 96 8
24 97 8
24 100 8
24 104 8
24 107 8
24 109 8
24 113 8
24 151 8
24 171 8
24 173 8
24 177 8
24 228 8
24 285 8
24 296 8
26 27 9
26 31 9
26 33 35
26 34 9
26 34 35
26 35 9
26 35 35
26 37 35
26 38 35
26 39 9
26 39 35
26 40 35
26 43 9
26 43 13
26 43 35
26 44 9
26 44 18
26 44 20
26 44 35
26 46 9
26 48 16
26 48 35
26 50 35
26 51 9
26 51 35
26 52 18
26 52 20
26 52 35
26 53 35
26 56 9
26 56 20
26 56 35
26 57 16
26 57 35
26 58 21
26 58 22
26 58 35
26 59 21
26 61 4
26 64 9
26 64 26
26 64 35
26 66 18
26 67 30
26 80 35
26 84 0
26 85 5
26 86 18
26 86 35
26 92 35
26 96 35
26 97 9
26 97 15
26 97 35
26 100 35
26 100 36
26 104 27
26 104 35
26 105 35
26 106 35
26 107 9
26 107 32
26 107 34
26 108 35
26 109 24
26 109 35
26 110 16
26 110 18
26 113 35
26 118 31
26 118 35
26 134 35
26 142 9
26 142 35
26 145 35
26 146 18
26 146 20
26 146 35
26 147 35
26 153 18
26 160 35
26 177 35
26 180 18
26 188 35
26 191 35
26 220 35
26 231 9
26 231 35
26 264 35
26 292 0
26 296 35
26 308 35
26 313 35
26 325 35
26 342 35
26 368 35
26 378 35
26 390 35
26 402 35
27 44 18
27 50 0
27 57 18
27 61 4
27 108 0
27 117 4
27 372 33
28 29 10
28 71 10
28 104 7
28 104 27
28 111 7
28 111 10
28 111 27
28 128 7
28 128 10
28 128 27
28 166 10
28 201 10
28 226 10
28 227 10
28 256 10
28 349 10
28 356 7
28 382 10
29 52 18
29 71 10
29 104 7
29 104 27
29 128 10
29 345 10
30 31 2
30 61 30
30 67 30
30 76 2
30 93 24
30 109 30
31 32 2
31 41 2
31 41 32
31 43 4
31 46 18
31 48 18
31 49 0
31 49 2
31 52 18
31 56 20
31 57 18
31 61 4
31 61 24
31 61 30
31 64 15
31 64 26
31 67 2
31 67 30
31 68 2
31 73 0
31 73 4
31 76 2
31 76 4
31 82 2
31 86 18
31 88 2
31 88 33
31 90 15
31 97 0
31 97 2
31 97 15
31 98 2
31 104 27
31 107 15
31 107 34
31 110 18
31 117 2
31 121 2
31 131 2
31 133 2
31 133 4
31 146 18
31 163 2
31 169 2
31 183 2
31 186 2
31 203 4
31 228 2
31 230 4
31 239 2
31 239 30
31 260 33
32 43 13
32 46 2
32 67 2
32 76 2
32 89 2
32 114 2
32 116 2
32 126 2
32 158 2
32 206 2
32 251 2
33 44 20
33 53 19
34 35 7
34 35 27
34 37 7
34 37 27
34 38 11
34 43 7
34 43 13
34 44 7
34 44 20
34 44 27
34 48 16
34 50 7
34 52 7
34 52 20
34 53 19
34 53 27
34 56 7
34 56 20
34 58 1
34 61 27
34 64 27
34 67 7
34 78 7
34 86 7
34 86 18
34 91 7
34 91 27
34 100 7
34 100 27
34 100 36
34 103 7
34 104 7
34 104 27
34 107 34
34 108 7
34 109 7
34 109 24
34 117 16
34 117 27
34 125 7
34 129 7
34 129 27
34 146 20
34 162 27
34 291 7
34 291 27
34 294 7
34 298 7
34 309 7
34 311 7
34 321 7
34 398 7
35 38 0
35 43 4
35 44 0
35 44 20
35 46 0
35 48 16
35 50 0
35 50 4
35 52 18
35 52 20
35 56 20
35 60 4
35 61 4
35 64 4
35 64 26
35 67 30
35 73 4
35 76 4
35 88 33
35 93 0
35 97 32
35 100 27
35 104 7
35 104 27
35 107 32
35 109 24
35 110 0
35 117 4
35 133 4
35 146 20
35 187 15
35 190 0
35 192 0
35 193 0
35 257 0
35 260 33
35 341 0
36 37 5
36 85 5
36 124 12
36 326 25
37 44 20
37 52 20
37 53 19
37 56 7
37 56 20
37 61 4
37 85 5
37 86 18
37 100 36
37 104 10
37 109 7
37 109 24
37 146 20
38 39 11
38 42 0
38 43 4
38 43 11
38 43 13
38 44 20
38 48 16
38 50 0
38 50 17
38 52 11
38 52 20
38 53 11
38 53 19
38 55 0
38 56 11
38 56 20
38 57 11
38 61 4
38 64 11
38 64 12
38 67 30
38 69 12
38 73 12
38 76 4
38 77 5
38 85 5
38 86 11
38 88 12
38 89 12
38 96 17
38 97 11
38 97 15
38 100 11
38 100 36
38 104 27
38 107 11
38 109 24
38 110 11
38 113 11
38 117 0
38 118 11
38 123 11
38 133 4
38 134 11
38 142 11
38 145 11
38 146 11
38 151 11
38 160 11
38 167 27
38 220 11
38 228 11
38 231 11
38 297 11
38 313 11
38 327 11
38 344 11
38 375 11
38 378 11
38 392 11
38 416 11
39 41 12
39 43 13
39 44 20
39 48 16
39 52 20
39 53 19
39 56 20
39 61 4
39 64 12
39 64 26
39 69 12
39 73 12
39 89 12
39 97 12
39 109 24
39 228 8
39 231 5
40 41 12
40 44 20
40 89 12
40 359 12
41 46 2
41 46 18
41 46 32
41 47 2
41 47 32
41 48 18
41 49 2
41 49 32
41 52 20
41 55 2
41 60 15
41 61 4
41 64 15
41 64 26
41 67 2
41 69 2
41 76 2
41 89 2
41 90 32
41 97 32
41 102 2
41 107 32
41 113 2
41 116 2
41 131 2
41 135 2
41 141 2
41 155 12
41 156 32
41 157 5
41 183 2
41 186 2
41 215 2
41 251 32
41 267 5
41 285 8
41 293 32
42 61 4
42 105 0
42 106 35
43 44 13
43 44 20
43 48 13
43 50 13
43 52 13
43 52 18
43 52 20
43 53 13
43 53 19
43 56 13
43 56 20
43 57 13
43 60 4
43 60 13
43 62 13
43 64 13
43 64 26
43 65 8
43 67 30
43 73 4
43 82 4
43 85 5
43 86 13
43 86 20
43 90 13
43 97 4
43 97 13
43 100 4
43 100 36
43 102 4
43 102 13
43 104 7
43 104 13
43 107 4
43 107 13
43 107 15
43 108 13
43 108 26
43 109 13
43 109 24
43 113 13
43 115 13
43 116 13
43 118 4
43 118 31
43 120 29
43 122 13
43 125 13
43 125 29
43 131 15
43 133 4
43 133 13
43 134 4
43 134 13
43 142 13
43 145 13
43 146 13
43 146 20
43 151 8
43 171 13
43 178 29
43 187 4
43 187 5
43 203 4
43 219 13
43 222 4
43 230 4
43 231 13
43 239 30
43 257 4
43 288 13
43 293 13
43 318 13
43 327 13
43 333 4
43 372 4
44 46 18
44 48 16
44 48 18
44 48 20
44 50 20
44 51 18
44 52 18
44 52 20
44 53 20
44 55 20
44 56 20
44 57 20
44 58 21
44 59 21
44 59 22
44 61 4
44 62 18
44 62 20
44 64 20
44 64 26
44 66 18
44 66 20
44 67 30
44 76 4
44 79 20
44 79 31
44 82 4
44 83 18
44 85 5
44 86 18
44 86 20
44 87 31
44 90 20
44 92 20
44 93 20
44 96 20
44 97 20
44 100 20
44 100 36
44 101 18
44 104 7
44 104 20
44 104 27
44 106 20
44 107 20
44 107 34
44 109 20
44 109 24
44 110 0
44 110 18
44 110 20
44 113 20
44 115 20
44 116 20
44 117 16
44 118 20
44 122 20
44 123 20
44 124 20
44 125 4
44 125 20
44 132 20
44 134 0
44 134 20
44 137 18
44 139 20
44 139 21
44 142 20
44 146 18
44 146 20
44 150 18
44 151 20
44 153 20
44 159 16
44 174 20
44 177 20
44 187 20
44 188 20
44 196 20
44 196 31
44 199 20
44 204 20
44 215 20
44 219 20
44 220 20
44 223 20
44 224 20
44 231 20
44 264 20
44 268 20
44 270 20
44 308 20
44 325 18
44 327 5
44 342 20
45 61 4
45 80 0
45 86 18
45 153 18
45 186 2
45 220 0
46 47 2
46 47 18
46 48 16
46 48 18
46 49 18
46 49 32
46 50 0
46 52 18
46 52 20
46 56 18
46 56 20
46 57 16
46 57 18
46 61 4
46 63 2
46 64 15
46 66 9
46 67 2
46 68 2
46 69 2
46 73 4
46 76 2
46 76 4
46 82 2
46 86 18
46 88 2
46 88 33
46 90 18
46 94 29
46 96 18
46 97 2
46 97 15
46 97 18
46 98 2
46 102 18
46 105 9
46 106 9
46 107 2
46 107 15
46 107 18
46 110 18
46 114 18
46 117 4
46 125 0
46 125 2
46 125 4
46 127 18
46 131 18
46 133 2
46 133 4
46 146 18
46 148 18
46 153 9
46 156 32
46 156 33
46 159 9
46 159 16
46 161 2
46 171 2
46 178 29
46 180 9
46 186 2
46 187 15
46 197 9
46 203 4
46 204 2
46 204 9
46 230 4
46 239 30
46 242 18
46 255 9
46 260 33
46 268 9
46 270 9
46 271 0
46 278 33
46 288 18
46 296 9
46 362 9
46 390 9
47 60 15
47 63 2
47 69 2
47 76 2
47 89 2
47 90 15
47 90 32
47 97 2
47 97 15
47 107 34
47 109 15
47 113 2
47 126 2
47 131 2
47 140 15
47 141 2
47 144 2
47 148 32
47 157 2
47 157 5
47 187 32
47 223 2
47 235 2
47 267 5
47 285 8
48 49 16
48 51 18
48 52 18
48 53 16
48 57 16
48 57 18
48 58 16
48 58 21
48 58 22
48 59 16
48 59 21
48 59 22
48 61 4
48 64 16
48 66 18
48 76 16
48 82 16
48 86 18
48 86 20
48 97 16
48 99 18
48 105 16
48 109 20
48 113 16
48 114 16
48 115 16
48 116 16
48 117 16
48 124 12
48 134 16
48 139 16
48 139 21
48 142 16
48 146 18
48 146 20
48 150 0
48 193 0
48 215 16
48 235 18
48 250 0
48 268 16
48 302 16
48 342 16
48 365 18
49 52 18
49 60 15
49 61 4
49 63 2
49 64 15
49 67 2
49 73 4
49 76 2
49 76 4
49 89 2
49 90 15
49 97 2
49 97 15
49 98 2
49 107 2
49 107 15
49 107 32
49 112 2
49 113 2
49 133 2
49 204 2
49 214 2
49 219 2
49 271 0
50 52 20
50 53 17
50 56 20
50 60 4
50 61 4
50 64 26
50 67 30
50 73 4
50 74 0
50 80 0
50 93 17
50 96 5
50 97 0
50 97 17
50 100 36
50 102 3
50 107 17
50 107 34
50 108 0
50 109 17
50 109 24
50 116 0
50 125 4
50 133 4
50 146 20
50 151 0
50 151 20
50 190 0
50 192 0
50 193 0
50 260 0
50 263 0
50 267 0
50 318 0
50 384 0
51 52 18
51 61 4
51 62 9
51 66 18
51 69 2
51 83 14
51 86 18
51 96 18
51 105 9
51 106 35
51 137 18
51 146 18
51 153 18
51 268 18
51 270 18
51 296 9
51 303 6
52 53 20
52 56 20
52 57 18
52 57 20
52 58 18
52 58 21
52 59 21
52 59 22
52 61 4
52 62 18
52 64 4
52 64 18
52 64 20
52 67 30
52 76 18
52 79 20
52 82 0
52 82 20
52 83 18
52 86 18
52 86 20
52 87 20
52 90 18
52 90 20
52 94 29
52 96 20
52 97 18
52 97 20
52 100 18
52 100 36
52 101 18
52 104 7
52 104 20
52 104 27
52 105 18
52 106 35
52 107 20
52 107 32
52 107 34
52 109 20
52 109 24
52 114 18
52 115 0
52 115 18
52 124 20
52 125 20
52 125 29
52 139 21
52 146 18
52 146 20
52 150 18
52 153 18
52 153 20
52 156 0
52 165 18
52 177 20
52 189 22
52 203 20
52 219 20
52 231 20
52 268 18
52 268 20
52 296 35
52 325 18
52 342 18
53 54 19
53 56 19
53 56 20
53 57 16
53 57 19
53 60 4
53 61 4
53 61 19
53 64 12
53 64 19
53 64 26
53 67 19
53 67 30
53 69 12
53 73 4
53 73 12
53 86 19
53 88 12
53 89 12
53 92 19
53 96 5
53 97 12
53 97 34
53 100 19
53 104 27
53 107 12
53 107 19
53 107 34
53 109 24
53 116 12
53 117 4
53 134 19
53 145 19
53 146 19
53 147 19
53 153 5
53 159 4
53 220 19
53 224 19
53 231 19
53 291 12
53 313 19
53 368 19
54 64 12
54 126 12
54 159 12
55 62 26
55 64 26
55 69 2
55 76 2
55 108 26
55 122 26
56 57 20
56 58 21
56 59 21
56 62 18
56 62 20
56 64 20
56 64 26
56 65 20
56 66 20
56 67 20
56 67 30
56 73 8
56 76 24
56 79 20
56 79 31
56 82 20
56 86 18
56 86 20
56 87 20
56 90 20
56 93 0
56 93 20
56 94 29
56 96 20
56 97 20
56 99 18
56 100 20
56 100 36
56 101 18
56 102 20
56 104 7
56 104 20
56 105 35
56 106 20
56 107 20
56 107 32
56 107 34
56 108 20
56 108 26
56 109 20
56 109 24
56 110 20
56 113 20
56 115 20
56 118 20
56 118 31
56 123 20
56 124 20
56 124 31
56 125 20
56 125 29
56 134 20
56 139 21
56 142 20
56 145 20
56 146 18
56 146 20
56 151 20
56 153 20
56 160 20
56 164 20
56 171 20
56 172 21
56 177 20
56 187 20
56 196 20
56 196 31
56 204 20
56 211 21
56 219 20
56 220 20
56 221 20
56 231 20
56 268 20
56 296 20
56 302 20
56 390 20
57 58 16
57 58 21
57 59 16
57 59 21
57 59 22
57 62 18
57 64 16
57 67 30
57 76 16
57 83 18
57 86 18
57 86 20
57 90 20
57 97 16
57 97 18
57 101 18
57 106 35
57 109 20
57 109 24
57 110 16
57 110 18
57 114 16
57 117 16
57 125 20
57 134 16
57 139 21
57 146 18
57 146 20
57 150 18
57 152 21
57 155 16
57 189 22
57 204 20
57 211 21
57 215 16
57 268 16
58 59 1
58 59 21
58 59 22
58 66 21
58 79 21
58 91 21
58 105 21
58 106 21
58 111 27
58 117 21
58 118 21
58 124 21
58 125 22
58 129 21
58 132 1
58 139 21
58 139 22
58 145 22
58 153 22
58 197 22
58 207 21
58 211 21
58 240 21
58 240 22
58 262 21
58 262 22
58 268 22
58 283 21
58 296 21
58 412 21
59 60 22
59 64 22
59 73 4
59 76 22
59 85 5
59 89 22
59 96 22
59 110 21
59 117 21
59 117 22
59 132 1
59 132 22
59 139 1
59 139 21
59 139 22
59 151 22
59 152 21
59 152 22
59 153 21
59 159 21
59 172 22
59 189 1
59 189 22
59 199 22
59 207 21
59 207 22
59 211 22
59 218 21
59 218 22
59 231 22
59 240 1
59 240 21
59 240 22
59 261 21
59 262 21
59 262 22
59 268 22
59 269 1
59 269 21
59 269 22
59 284 22
59 301 1
59 301 21
59 306 1
59 306 22
59 316 22
59 332 22
59 348 22
59 389 21
59 394 22
60 62 4
60 64 15
60 81 13
60 86 18
60 94 29
60 97 13
60 97 15
60 102 3
60 104 27
60 107 34
60 108 4
60 108 26
60 109 24
60 116 4
60 117 4
60 141 4
60 187 4
60 210 32
60 222 13
60 318 13
60 410 13
61 62 4
61 62 24
61 64 4
61 64 24
61 65 4
61 67 2
61 67 30
61 73 4
61 74 4
61 82 4
61 83 4
61 84 4
61 92 24
61 95 29
61 96 4
61 97 4
61 99 24
61 100 4
61 100 27
61 102 3
61 102 4
61 104 27
61 105 24
61 107 2
61 107 4
61 108 4
61 110 18
61 112 2
61 113 4
61 113 24
61 114 4
61 114 24
61 115 24
61 116 4
61 116 24
61 117 4
61 118 4
61 122 24
61 137 4
61 141 2
61 146 4
61 148 4
61 151 4
61 151 24
61 153 18
61 156 4
61 164 27
61 173 29
61 177 4
61 181 2
61 182 0
61 183 2
61 187 4
61 188 4
61 188 24
61 191 3
61 191 4
61 203 29
61 215 24
61 217 4
61 219 24
61 220 4
61 230 4
61 239 2
61 239 30
61 249 24
61 249 29
61 250 29
61 251 4
61 252 30
61 265 4
61 267 4
61 267 24
61 275 29
61 276 29
61 277 29
61 303 4
61 306 4
61 323 4
61 324 4
61 324 29
61 390 4
62 64 13
62 64 26
62 67 30
62 76 4
62 97 15
62 99 26
62 107 32
62 108 26
62 113 26
62 122 26
62 219 26
62 235 26
63 67 2
63 69 2
63 76 2
63 88 2
63 89 2
63 100 36
63 126 2
63 131 2
63 144 2
63 186 2
63 239 2
64 65 4
64 65 26
64 67 30
64 70 26
64 77 12
64 86 18
64 89 26
64 92 26
64 96 17
64 97 15
64 97 26
64 99 26
64 100 27
64 100 36
64 101 26
64 102 3
64 104 27
64 107 4
64 107 15
64 107 26
64 107 32
64 107 34
64 108 26
64 109 24
64 109 26
64 110 16
64 113 26
64 115 26
64 116 26
64 117 4
64 118 31
64 122 26
64 124 12
64 132 26
64 142 26
64 145 26
64 146 18
64 151 13
64 153 18
64 177 13
64 187 13
64 187 26
64 195 26
64 196 12
64 212 26
64 214 26
64 215 26
64 219 26
64 223 26
64 231 26
64 235 4
64 235 26
64 260 33
64 267 13
64 346 26
65 73 2
65 104 27
65 113 2
65 118 2
65 125 4
65 133 2
65 135 2
65 151 8
66 76 18
66 86 18
66 114 18
66 139 21
66 153 18
67 68 2
67 69 2
67 73 2
67 76 2
67 79 2
67 82 2
67 82 30
67 85 5
67 88 2
67 89 2
67 93 0
67 94 29
67 97 2
67 97 30
67 99 30
67 107 2
67 107 30
67 107 32
67 108 30
67 109 24
67 109 30
67 113 2
67 114 2
67 114 30
67 116 2
67 117 2
67 117 30
67 118 2
67 118 30
67 125 2
67 125 30
67 126 2
67 133 2
67 135 2
67 139 30
67 141 0
67 141 2
67 146 30
67 151 2
67 162 2
67 173 2
67 177 30
67 181 2
67 183 2
67 186 2
67 187 30
67 188 30
67 193 0
67 194 2
67 196 2
67 203 2
67 206 2
67 221 2
67 228 2
67 239 2
67 246 2
67 251 2
67 255 2
67 257 2
67 267 30
67 276 2
67 279 2
67 295 2
67 371 30
68 94 29
68 97 2
68 98 2
68 114 2
68 251 2
68 277 29
68 323 2
68 350 2
69 70 2
69 79 2
69 82 2
69 89 2
69 97 2
69 102 2
69 107 2
69 112 2
69 113 2
69 116 2
69 118 2
69 122 2
69 135 2
69 141 2
69 144 2
69 148 2
69 151 2
69 155 12
69 157 2
69 183 2
69 206 2
69 210 2
69 214 2
69 219 2
69 223 2
69 228 2
69 267 2
69 347 2
70 89 2
70 108 26
70 113 2
70 115 2
70 116 2
70 141 2
71 72 10
71 128 10
71 280 10
71 345 10
72 280 10
72 345 10
72 406 10
73 77 12
73 79 12
73 82 4
73 87 12
73 93 0
73 97 4
73 107 4
73 108 0
73 114 4
73 116 4
73 117 4
73 123 2
73 124 12
73 131 0
73 142 12
73 145 4
73 146 0
73 146 4
73 155 12
73 159 4
73 160 12
73 190 0
73 192 0
73 196 12
73 221 2
73 224 12
73 228 2
73 230 4
73 249 29
73 251 2
73 252 2
73 265 4
73 267 4
73 276 4
73 279 2
73 324 4
73 342 0
73 347 2
73 371 12
74 75 6
74 83 6
74 83 14
74 87 31
74 108 0
74 139 33
74 151 6
74 177 6
74 297 6
74 303 6
75 76 2
75 82 2
76 77 2
76 79 2
76 82 4
76 87 2
76 88 2
76 89 2
76 90 4
76 97 4
76 98 2
76 101 2
76 102 2
76 105 2
76 106 2
76 107 2
76 110 16
76 112 2
76 113 2
76 114 2
76 114 4
76 115 2
76 116 2
76 117 2
76 118 2
76 122 2
76 124 2
76 127 2
76 130 2
76 131 2
76 132 1
76 139 22
76 141 2
76 144 2
76 151 2
76 157 2
76 157 24
76 158 2
76 160 2
76 162 2
76 163 2
76 169 2
76 171 2
76 175 2
76 177 4
76 180 2
76 181 2
76 182 2
76 183 2
76 186 2
76 188 4
76 194 2
76 196 2
76 204 2
76 206 2
76 214 4
76 219 2
76 221 2
76 223 2
76 228 2
76 230 4
76 235 2
76 239 2
76 245 2
76 246 2
76 248 2
76 251 2
76 252 2
76 255 2
76 257 2
76 263 2
76 270 18
76 273 2
76 275 2
76 279 2
76 288 4
76 295 2
76 296 2
76 299 2
76 306 4
76 327 4
76 341 2
76 350 2
76 374 2
76 405 2
76 409 2
76 413 2
77 89 2
79 126 12
79 133 2
79 183 2
79 217 12
80 81 0
80 93 0
80 263 0
81 391 0
82 85 5
82 93 0
82 94 29
82 97 2
82 104 27
82 107 4
82 112 2
82 118 4
82 120 29
82 125 29
82 126 2
82 133 4
82 141 2
82 151 0
82 163 2
82 177 4
82 178 29
82 182 2
82 186 2
82 204 2
82 255 2
82 265 4
82 277 29
82 358 0
82 386 29
83 100 36
83 145 6
83 204 2
83 237 14
83 238 6
83 354 6
84 109 24
85 86 5
85 96 5
85 97 5
85 102 5
85 107 5
85 108 5
85 113 5
85 138 5
85 141 5
85 151 5
85 153 5
85 157 5
85 171 5
85 177 5
85 187 5
85 197 5
85 231 5
85 234 5
85 267 5
85 273 5
85 291 5
86 96 18
86 97 18
86 100 18
86 100 36
86 101 18
86 104 18
86 105 18
86 106 18
86 107 34
86 109 24
86 114 18
86 115 18
86 124 5
86 145 18
86 150 0
86 150 18
86 153 18
86 153 20
86 154 18
86 180 18
86 242 18
86 270 18
86 296 18
87 88 12
87 89 12
87 97 12
87 141 12
87 159 12
87 163 12
87 197 5
87 217 12
87 219 31
87 239 12
88 89 2
88 97 33
88 102 2
88 107 2
88 112 2
88 114 2
88 114 33
88 116 2
88 135 2
88 141 2
88 151 2
88 163 10
88 278 33
88 306 33
89 97 2
89 98 2
89 101 2
89 102 2
89 107 2
89 112 2
89 116 8
89 117 2
89 118 2
89 124 12
89 126 2
89 131 2
89 135 2
89 141 2
89 144 2
89 145 8
89 155 12
89 157 2
89 160 2
89 160 12
89 162 2
89 163 2
89 171 2
89 175 2
89 186 2
89 213 2
89 214 2
89 215 2
89 223 8
89 224 12
89 231 8
89 235 2
89 239 2
89 245 2
89 254 2
90 97 15
90 107 34
90 109 15
90 131 32
90 140 32
90 156 15
90 293 32
91 311 7
93 104 0
93 141 0
93 192 0
93 292 0
93 342 0
94 95 29
94 110 29
94 125 29
94 203 29
94 230 29
94 234 29
94 248 29
94 249 29
94 250 29
94 275 29
94 277 29
94 350 29
94 383 29
96 97 4
96 97 17
96 107 4
96 109 24
96 117 4
96 146 17
96 290 20
97 98 2
97 100 36
97 102 2
97 102 3
97 104 27
97 107 8
97 107 15
97 107 34
97 108 26
97 109 8
97 109 24
97 110 16
97 113 32
97 115 15
97 117 4
97 126 2
97 127 2
97 127 15
97 131 2
97 131 15
97 133 4
97 140 0
97 140 15
97 141 2
97 144 2
97 144 32
97 145 15
97 146 18
97 148 32
97 149 32
97 151 32
97 155 12
97 156 15
97 159 4
97 173 32
97 177 4
97 177 13
97 196 12
97 203 4
97 210 2
97 210 32
97 214 2
97 224 12
97 236 15
97 239 30
97 247 32
97 260 33
97 267 13
97 267 15
97 274 32
97 288 15
97 293 15
97 339 32
97 353 32
97 380 32
97 404 32
98 107 2
98 112 2
98 113 2
98 114 2
98 123 2
98 141 2
98 213 2
98 223 2
98 295 2
99 108 26
99 113 5
99 113 26
99 122 26
99 153 18
99 155 12
99 268 18
100 104 0
100 104 27
100 104 36
100 107 36
100 109 24
100 109 36
100 125 36
100 138 5
100 146 36
100 160 36
100 170 36
100 231 36
100 244 27
100 244 36
100 259 36
100 265 36
100 283 36
100 326 27
100 326 36
100 338 36
100 343 36
100 355 36
100 363 36
100 395 5
100 397 36
100 407 36
101 108 26
101 113 2
101 113 26
101 116 2
101 126 2
101 219 26
102 107 2
102 107 3
102 107 32
102 113 2
102 114 2
102 126 2
102 141 2
102 151 2
102 174 3
102 177 4
102 186 2
102 191 3
102 206 2
102 285 8
102 409 2
104 109 7
104 109 24
104 111 7
104 111 27
104 114 27
104 117 27
104 118 27
104 124 7
104 128 7
104 128 27
104 142 27
104 143 7
104 143 27
104 146 20
104 146 27
104 162 27
104 164 7
104 164 27
104 167 7
104 167 27
104 168 7
104 171 27
104 179 7
104 179 27
104 183 27
104 198 7
104 198 27
104 256 7
104 256 27
104 282 10
104 307 27
104 328 10
104 329 7
104 329 27
104 335 10
104 336 10
104 377 10
105 146 18
105 319 0
106 253 35
107 108 26
107 108 34
107 109 24
107 109 34
107 113 2
107 113 32
107 114 2
107 115 2
107 116 2
107 117 4
107 118 2
107 122 32
107 125 2
107 126 2
107 127 2
107 127 34
107 131 2
107 131 34
107 133 4
107 135 2
107 140 34
107 141 2
107 144 2
107 144 32
107 145 34
107 146 20
107 148 2
107 148 32
107 151 2
107 151 32
107 155 12
107 156 32
107 173 32
107 177 4
107 177 32
107 183 2
107 186 2
107 187 4
107 187 32
107 214 2
107 219 32
107 224 12
107 231 4
107 236 32
107 236 34
107 251 32
107 267 4
107 267 32
107 274 32
107 285 5
107 288 34
107 293 34
107 297 32
107 323 32
107 334 32
107 339 32
107 353 32
107 380 32
108 109 24
108 109 26
108 116 0
108 141 0
108 171 20
108 175 26
108 195 26
108 214 26
108 215 26
108 231 26
108 231 34
108 235 26
108 346 26
109 116 24
109 120 24
109 140 15
109 145 24
109 146 20
109 146 24
109 164 7
109 174 24
109 177 24
109 187 24
109 220 6
109 220 24
109 231 24
109 239 30
109 268 20
110 125 29
110 139 21
110 150 0
110 153 18
110 203 29
110 375 20
111 163 10
111 167 7
111 167 27
111 184 10
111 185 10
111 226 10
111 227 10
111 233 10
111 256 10
111 258 10
111 266 10
111 286 10
111 307 27
111 387 10
112 114 2
112 117 2
112 118 2
112 123 2
112 124 12
112 126 2
112 141 2
112 142 12
112 162 2
112 186 2
112 194 2
112 254 2
112 255 2
112 330 2
113 126 2
113 177 13
113 186 2
113 214 5
113 215 2
113 215 26
113 235 2
113 235 26
113 267 2
114 125 2
114 126 2
114 133 2
114 133 4
114 161 2
114 171 2
114 178 29
114 186 2
114 203 4
114 239 30
114 260 33
114 319 0
115 126 2
115 135 2
115 235 2
116 121 2
116 122 2
116 126 2
116 133 4
116 135 2
116 144 2
116 161 2
116 162 2
116 171 2
116 186 2
116 214 2
116 215 2
116 235 2
116 245 2
116 254 2
117 121 16
117 133 4
117 139 21
117 155 16
117 183 2
117 214 4
118 164 27
118 183 2
120 230 29
120 277 29
122 135 2
122 215 2
123 160 25
123 183 2
123 291 5
124 159 12
124 183 2
124 217 12
124 254 12
124 291 12
125 146 4
125 146 20
125 178 29
125 230 29
125 234 29
125 249 29
125 265 4
125 270 18
125 276 29
125 277 29
125 306 4
125 324 29
126 141 2
126 155 12
126 175 2
126 181 2
126 182 2
126 214 2
126 215 2
126 219 2
126 228 2
126 352 2
127 148 33
128 201 10
128 349 10
129 283 25
130 135 2
131 186 2
131 193 0
131 285 8
132 139 1
132 139 22
132 152 1
132 172 1
132 199 1
132 205 1
132 207 1
132 211 1
132 218 1
132 232 1
132 240 1
132 241 1
132 261 1
132 262 1
132 269 1
132 284 1
132 301 1
132 306 1
132 316 1
132 361 1
132 389 1
133 141 4
133 187 4
133 203 4
133 230 4
133 251 4
133 252 2
133 265 4
133 277 29
133 324 4
133 352 2
135 141 2
135 214 2
135 219 2
135 223 2
135 299 2
137 153 18
139 152 21
139 199 1
139 204 21
139 205 22
139 207 21
139 211 21
139 240 21
139 240 22
139 262 21
139 269 21
139 284 22
139 301 21
141 144 2
141 155 12
141 162 2
141 175 0
141 177 4
141 180 2
141 182 2
141 186 2
141 214 2
141 215 2
141 220 0
141 228 2
141 255 2
141 271 31
142 291 12
143 164 10
146 150 0
146 153 18
146 153 20
146 180 18
146 272 0
146 400 16
150 289 0
150 351 0
151 173 2
151 297 6
151 333 2
151 354 2
153 154 18
153 322 18
155 159 12
155 215 12
155 220 12
157 187 5
160 204 2
160 217 12
161 251 2
162 163 2
162 186 2
163 164 10
163 167 10
163 186 2
163 204 2
164 167 7
164 168 10
164 276 7
164 276 10
166 201 10
167 168 7
167 168 10
167 183 27
167 198 7
167 233 10
167 258 10
167 286 10
167 287 10
167 317 10
167 377 10
168 179 10
168 198 7
169 170 0
169 183 2
169 292 0
170 324 0
171 204 20
171 281 20
173 177 4
173 187 4
173 267 8
174 175 0
174 263 0
175 186 2
175 214 2
175 223 2
177 187 4
177 222 4
177 267 4
177 333 4
178 203 29
178 230 29
178 249 29
178 250 29
178 277 29
180 214 2
180 215 2
181 182 2
181 183 2
181 245 2
182 366 0
183 194 2
183 245 2
183 255 2
183 330 2
184 185 10
184 266 10
186 214 2
186 245 2
186 279 2
186 323 2
186 401 2
192 193 0
192 263 0
193 366 0
197 204 20
199 262 1
200 201 10
200 280 10
201 280 10
201 382 10
201 406 10
203 249 29
203 277 29
204 329 2
204 373 20
204 375 20
206 239 2
214 215 2
214 223 2
215 219 2
215 219 26
219 235 26
224 225 12
224 359 12
226 227 10
226 266 10
227 256 10
230 249 29
230 277 29
233 258 10
233 286 10
233 377 10
235 268 18
237 403 14
238 354 6
240 269 22
244 245 25
249 250 29
257 260 33
258 286 10
258 317 10
260 263 33
260 275 33
260 278 33
260 322 0
260 323 33
267 318 0
271 292 0
276 277 29
278 306 33
280 406 10
282 328 10
282 336 10
286 287 10
286 317 10
286 377 10
287 317 10
287 377 10
296 327 8
310 316 33
335 336 10
338 343 36
