0 1 0
0 1 2
0 2 0
0 2 2
0 2 3
0 9 1
0 12 2
0 17 2
0 17 3
0 21 0
0 21 3
0 24 0
0 24 1
0 24 4
0 27 0
0 27 2
0 27 3
0 27 4
0 32 0
0 32 2
0 32 3
0 38 0
0 38 2
0 38 3
0 41 0
0 41 1
0 42 1
0 42 2
0 42 3
0 44 0
0 47 0
0 54 2
1 2 0
1 2 2
1 9 1
1 17 1
1 17 2
1 17 3
1 21 0
1 24 0
1 27 0
1 27 2
1 32 0
1 32 2
1 32 3
1 38 2
1 42 2
1 44 0
2 3 0
2 3 1
2 3 3
2 5 0
2 5 1
2 8 2
2 9 1
2 9 2
2 12 1
2 12 2
2 12 3
2 14 0
2 14 1
2 16 0
2 17 2
2 17 3
2 18 0
2 20 0
2 21 0
2 21 2
2 22 0
2 22 3
2 24 0
2 24 1
2 24 2
2 27 0
2 27 2
2 31 1
2 32 0
2 32 1
2 32 2
2 32 3
2 37 3
2 38 0
2 38 2
2 41 1
2 42 2
2 44 0
2 54 2
3 9 0
3 9 1
3 20 0
3 20 3
3 21 2
3 30 2
3 31 1
3 31 2
3 39 2
3 40 2
3 55 0
3 55 2
3 55 3
3 59 1
3 59 2
3 59 3
4 5 0
4 5 1
4 5 3
4 6 1
4 8 1
4 8 2
4 9 0
4 9 1
4 9 2
4 10 0
4 10 1
4 13 1
4 13 2
4 15 0
4 16 0
4 16 1
4 16 2
4 18 0
4 18 1
4 18 2
4 20 0
4 22 1
4 22 2
4 23 0
4 23 1
4 23 2
4 24 0
4 29 1
4 30 1
4 33 0
4 33 1
4 33 2
4 34 0
4 34 1
4 35 0
4 35 1
4 35 2
4 41 0
4 41 1
4 41 2
4 41 3
4 45 1
4 46 1
4 50 1
4 50 2
4 53 1
4 53 2
5 9 1
5 13 1
5 13 2
5 15 0
5 15 1
5 16 0
5 16 1
5 18 0
5 18 1
5 18 2
5 18 3
5 18 4
5 20 0
5 22 3
5 23 0
5 23 1
5 23 2
5 23 3
5 24 2
5 26 1
5 26 2
5 26 4
5 29 4
5 31 1
5 33 0
5 33 1
5 33 2
5 33 3
5 41 0
5 45 1
5 45 2
5 45 3
5 46 1
5 46 3
5 46 4
5 50 1
6 7 1
6 9 1
6 14 1
6 16 1
6 25 1
6 29 1
6 31 1
6 43 1
6 49 1
6 51 2
6 56 1
7 15 0
7 15 1
7 15 2
7 15 3
7 16 0
7 16 1
7 18 3
7 28 1
7 28 2
7 28 3
7 39 0
7 44 0
7 56 0
7 56 1
7 56 2
7 58 1
8 9 1
8 9 2
8 16 1
8 16 2
8 41 1
8 41 2
8 50 1
8 50 2
9 12 1
9 15 0
9 16 0
9 16 1
9 16 2
9 17 1
9 18 0
9 20 0
9 20 1
9 21 0
9 21 1
9 24 0
9 24 1
9 27 1
9 28 1
9 29 1
9 30 1
9 31 1
9 32 1
9 39 0
9 39 1
9 41 0
9 41 1
9 41 2
9 42 1
9 44 1
9 50 1
9 50 2
9 55 0
9 55 1
9 59 1
10 11 1
10 13 2
10 18 0
10 18 3
10 23 0
10 29 2
10 34 0
10 34 2
10 35 0
10 35 2
10 44 0
10 45 1
10 45 2
10 45 3
10 53 2
11 19 2
11 41 1
11 41 2
11 47 2
11 48 1
11 48 4
11 54 2
11 57 2
11 60 2
12 21 1
12 21 2
12 21 4
12 24 1
12 24 4
12 27 2
12 27 3
12 38 2
12 41 1
12 44 2
12 44 3
12 54 1
12 54 2
13 18 1
13 18 2
13 18 3
13 18 4
13 22 1
13 22 2
13 22 3
13 23 2
13 26 2
13 26 4
13 33 2
13 33 3
13 45 2
13 46 2
13 46 3
14 15 0
14 15 1
14 15 2
14 16 0
14 16 1
14 24 1
14 25 1
14 25 2
14 31 1
14 31 3
14 36 1
14 36 2
14 36 3
14 37 1
14 37 2
14 37 3
14 39 0
14 43 1
14 43 2
14 43 3
14 44 1
14 49 0
14 49 1
14 49 2
14 49 3
14 49 4
14 56 0
14 56 2
15 16 0
15 18 0
15 24 0
15 24 1
15 24 2
15 28 1
15 28 2
15 29 1
15 31 1
15 37 1
15 37 2
15 39 0
15 41 0
15 43 1
15 43 2
15 56 0
15 56 1
15 56 2
15 56 3
15 56 4
15 58 1
16 25 1
16 29 1
16 29 2
16 30 1
16 31 1
16 34 1
16 41 0
16 41 1
16 41 2
16 43 1
16 50 1
16 50 2
16 52 1
17 18 3
17 27 2
17 30 1
17 32 1
17 32 2
17 32 3
17 34 2
17 34 3
17 38 2
17 38 3
17 41 1
17 42 2
17 45 2
17 45 3
17 54 2
18 20 0
18 22 0
18 22 1
18 22 2
18 22 3
18 23 0
18 23 1
18 23 3
18 26 1
18 26 2
18 26 3
18 26 4
18 28 3
18 32 3
18 33 0
18 33 1
18 33 2
18 33 3
18 41 0
18 44 0
18 44 3
18 45 2
18 45 3
18 46 1
18 46 3
18 49 0
18 56 0
19 20 1
19 20 3
19 20 4
19 41 1
19 41 2
19 47 1
19 47 2
19 57 1
19 57 2
19 57 3
19 60 2
20 21 0
20 24 0
20 32 0
20 41 0
20 41 1
20 41 2
20 48 2
20 49 0
20 49 3
20 53 3
21 24 0
21 24 1
21 24 4
21 27 0
21 32 0
21 38 0
21 38 2
21 41 0
21 42 1
21 44 0
21 44 2
22 23 0
22 23 3
22 26 2
22 33 2
22 33 3
22 47 0
23 33 0
23 45 2
23 46 1
23 46 2
23 46 3
24 27 0
24 27 1
24 27 4
24 31 1
24 32 1
24 38 1
24 41 0
24 41 1
24 41 2
24 42 1
24 44 0
24 44 1
24 49 1
24 54 0
24 54 1
24 54 2
24 54 4
24 58 2
25 32 1
25 36 1
25 36 2
25 36 3
25 37 1
25 37 2
25 37 3
25 43 1
25 43 2
25 43 3
25 49 1
25 49 2
26 33 2
27 32 0
27 32 2
27 38 0
27 38 2
27 42 1
27 42 2
27 42 3
27 44 0
27 44 3
28 36 1
28 36 2
28 36 3
28 37 1
28 37 2
28 37 3
28 43 1
28 43 2
28 43 3
28 56 1
28 56 2
29 30 1
29 31 1
29 34 2
29 35 2
29 39 2
29 41 1
29 41 2
29 45 2
29 53 2
30 31 1
30 31 2
30 39 1
30 39 2
30 39 3
30 39 4
30 40 1
30 40 2
30 40 3
30 40 4
30 50 1
30 55 2
30 59 2
31 39 1
31 39 2
31 40 2
31 50 1
31 52 1
31 55 1
31 55 2
31 59 1
31 59 2
31 59 4
32 38 0
32 38 1
32 38 2
32 38 3
32 41 0
32 41 1
32 42 2
32 44 0
32 45 2
32 45 3
32 48 1
32 49 0
32 49 3
32 54 2
33 39 0
33 45 2
34 35 0
34 35 2
34 44 0
34 45 2
34 53 2
35 39 0
35 45 2
35 45 3
35 50 1
35 53 2
36 37 1
36 37 2
36 37 3
36 43 1
36 43 2
36 43 3
36 49 1
37 43 1
37 43 2
37 43 3
37 49 1
37 49 3
38 42 1
38 42 2
38 44 0
38 44 2
38 45 2
38 45 3
38 54 2
39 40 1
39 40 2
39 40 3
39 55 2
39 56 0
39 59 2
40 59 1
40 59 2
41 44 1
41 47 1
41 47 2
41 48 1
41 48 2
41 49 0
41 50 1
41 50 2
41 54 1
41 54 2
41 57 1
41 57 2
41 60 1
41 60 2
42 54 2
43 49 1
43 49 2
43 56 2
44 45 2
44 45 3
44 54 0
45 46 2
45 53 2
45 56 3
48 49 3
48 54 2
48 60 1
49 53 3
50 51 2
54 60 2
55 59 1
55 59 2
57 60 2
