0 1 0
0 1 2
0 1 3
0 1 4
0 2 0
0 2 1
0 2 2
0 2 3
0 2 4
0 3 2
0 4 2
0 4 3
0 5 3
0 5 4
0 6 3
0 8 0
0 8 2
0 8 3
0 8 4
0 9 1
0 9 3
0 9 4
0 10 0
0 10 3
0 10 4
0 11 0
0 11 2
0 11 3
0 11 4
0 12 3
0 12 4
0 14 0
0 14 3
0 14 4
0 15 4
0 16 0
0 16 2
0 16 3
0 16 4
0 17 4
0 21 0
0 21 2
0 21 4
0 22 0
0 22 2
0 22 3
0 22 4
0 23 0
0 23 4
0 24 1
0 24 2
0 26 3
0 27 2
0 27 4
0 28 0
0 28 3
0 30 4
0 31 3
0 31 4
0 32 0
0 33 0
0 33 3
0 34 0
0 35 0
0 35 1
0 35 2
0 35 3
0 35 4
0 37 0
0 37 2
0 37 3
0 39 4
0 40 2
0 42 1
0 42 3
0 43 0
0 43 3
0 43 4
0 44 4
0 46 0
0 49 4
0 51 2
0 53 0
0 53 2
0 53 4
0 55 3
0 60 2
0 63 3
0 67 3
0 68 0
1 2 0
1 2 1
1 2 2
1 2 3
1 2 4
1 3 0
1 3 2
1 4 0
1 4 1
1 4 2
1 4 3
1 4 4
1 5 1
1 7 3
1 8 0
1 8 2
1 8 4
1 9 3
1 9 4
1 10 0
1 10 2
1 10 3
1 10 4
1 11 0
1 11 2
1 11 3
1 11 4
1 12 3
1 12 4
1 13 0
1 13 2
1 13 3
1 14 0
1 14 3
1 14 4
1 15 3
1 16 0
1 16 1
1 16 2
1 16 3
1 16 4
1 17 4
1 18 0
1 18 3
1 19 0
1 19 4
1 20 0
1 20 2
1 21 0
1 21 2
1 21 4
1 22 0
1 22 2
1 22 3
1 22 4
1 23 0
1 23 2
1 24 0
1 24 2
1 24 3
1 25 0
1 25 3
1 25 4
1 26 0
1 26 3
1 27 0
1 27 2
1 27 3
1 27 4
1 28 0
1 28 1
1 28 3
1 29 0
1 29 2
1 29 3
1 29 4
1 31 3
1 31 4
1 32 0
1 32 3
1 33 0
1 33 4
1 34 2
1 34 3
1 34 4
1 35 0
1 35 3
1 36 0
1 36 3
1 36 4
1 37 0
1 37 2
1 37 3
1 37 4
1 39 0
1 39 4
1 40 2
1 41 0
1 41 2
1 42 1
1 42 3
1 43 0
1 43 3
1 43 4
1 44 2
1 44 4
1 45 0
1 46 0
1 46 2
1 47 3
1 47 4
1 48 3
1 53 0
1 53 2
1 54 3
1 54 4
1 56 3
1 60 1
1 60 3
1 62 3
1 64 0
1 64 2
1 65 0
1 65 2
1 65 3
1 65 4
1 67 4
1 68 0
1 68 4
1 70 2
1 72 2
1 74 2
2 3 0
2 3 2
2 4 0
2 4 2
2 4 3
2 4 4
2 5 2
2 5 3
2 7 3
2 8 0
2 8 2
2 8 3
2 8 4
2 9 1
2 9 3
2 9 4
2 10 0
2 10 2
2 10 3
2 10 4
2 11 4
2 12 3
2 12 4
2 13 0
2 13 2
2 13 3
2 14 0
2 14 2
2 14 3
2 14 4
2 15 4
2 16 0
2 16 1
2 16 2
2 16 3
2 16 4
2 17 4
2 18 0
2 18 3
2 19 4
2 20 0
2 20 2
2 21 0
2 21 2
2 21 4
2 22 0
2 22 2
2 22 3
2 22 4
2 23 0
2 23 2
2 23 3
2 23 4
2 24 0
2 24 1
2 24 2
2 24 3
2 25 0
2 25 3
2 25 4
2 26 0
2 27 0
2 27 2
2 27 3
2 28 0
2 28 1
2 28 3
2 29 0
2 29 2
2 29 3
2 29 4
2 31 3
2 31 4
2 32 0
2 32 3
2 32 4
2 33 0
2 33 4
2 34 0
2 34 1
2 34 2
2 34 3
2 34 4
2 36 0
2 36 3
2 36 4
2 37 0
2 37 2
2 37 3
2 37 4
2 38 0
2 38 2
2 39 0
2 40 2
2 42 1
2 42 3
2 43 0
2 43 3
2 43 4
2 44 0
2 44 4
2 45 0
2 45 4
2 46 0
2 47 3
2 47 4
2 48 3
2 50 2
2 52 2
2 53 2
2 55 3
2 60 1
2 60 2
2 60 3
2 62 0
2 62 3
2 62 4
2 63 3
2 64 0
2 64 2
2 65 0
2 65 2
2 65 3
2 65 4
2 69 3
2 70 2
2 72 2
3 4 2
3 7 0
3 7 2
3 8 0
3 9 0
3 14 0
3 14 2
3 16 0
3 16 2
3 21 0
3 21 2
3 22 0
3 22 2
3 24 2
3 27 0
3 28 0
3 29 0
3 29 2
3 31 2
3 37 0
3 37 2
3 38 0
3 44 2
3 50 2
3 51 2
3 55 0
3 58 2
4 5 1
4 5 2
4 5 4
4 7 3
4 8 0
4 8 2
4 8 4
4 9 1
4 9 3
4 9 4
4 10 2
4 10 3
4 10 4
4 11 2
4 11 3
4 11 4
4 12 4
4 13 2
4 14 2
4 14 4
4 15 3
4 15 4
4 16 0
4 16 1
4 16 2
4 16 3
4 16 4
4 17 3
4 17 4
4 19 4
4 20 4
4 21 0
4 21 2
4 21 4
4 22 0
4 22 2
4 22 3
4 22 4
4 23 2
4 23 4
4 24 0
4 24 2
4 24 3
4 27 2
4 28 0
4 28 1
4 28 2
4 28 3
4 29 0
4 29 2
4 29 4
4 30 0
4 30 4
4 31 3
4 32 4
4 33 2
4 34 2
4 34 3
4 34 4
4 35 2
4 35 3
4 35 4
4 36 3
4 36 4
4 37 2
4 37 3
4 37 4
4 38 0
4 38 2
4 40 2
4 42 1
4 42 3
4 43 3
4 43 4
4 44 0
4 44 4
4 45 2
4 46 2
4 47 4
4 49 3
4 52 2
4 53 2
4 54 3
4 55 0
4 56 3
4 58 2
4 60 1
4 60 2
4 62 4
4 64 2
4 65 2
4 65 3
4 65 4
4 67 3
4 72 2
4 74 2
5 6 3
5 8 3
5 9 3
5 9 4
5 10 4
5 11 3
5 12 4
5 14 2
5 14 4
5 15 3
5 16 1
5 17 3
5 19 4
5 20 4
5 21 4
5 22 4
5 24 2
5 28 2
5 29 3
5 31 3
5 32 3
5 32 4
5 33 4
5 34 3
5 35 3
5 36 4
5 37 4
5 38 2
5 43 3
5 43 4
5 44 4
5 47 3
5 48 3
5 49 3
5 50 2
5 54 3
5 55 3
5 59 3
5 59 4
5 60 1
5 60 3
5 65 4
5 68 4
6 7 2
6 8 3
6 10 3
6 11 2
6 12 3
6 14 2
6 15 3
6 16 2
6 16 3
6 17 3
6 19 3
6 31 2
6 31 3
6 33 3
6 35 2
6 35 3
6 40 2
6 41 2
6 44 2
6 46 2
6 49 3
6 50 2
6 53 2
6 54 3
6 55 3
6 56 3
6 59 3
6 64 2
7 8 0
7 9 0
7 9 3
7 10 3
7 11 0
7 11 2
7 13 3
7 14 2
7 16 0
7 16 2
7 19 0
7 20 0
7 21 0
7 22 0
7 22 3
7 23 0
7 24 0
7 24 3
7 25 3
7 26 3
7 28 0
7 28 3
7 29 0
7 29 2
7 29 3
7 31 2
7 31 3
7 34 0
7 34 2
7 35 0
7 35 2
7 36 0
7 36 3
7 37 3
7 38 0
7 40 0
7 41 0
7 41 2
7 42 3
7 43 3
7 44 0
7 44 2
7 46 0
7 46 2
7 50 2
7 52 2
7 53 0
7 54 3
7 55 0
7 56 3
7 57 3
7 64 0
7 64 2
7 65 0
7 65 2
7 65 3
7 68 0
7 70 2
8 9 0
8 9 3
8 9 4
8 10 0
8 10 2
8 10 3
8 10 4
8 11 0
8 12 3
8 12 4
8 13 0
8 13 2
8 13 4
8 14 0
8 14 2
8 14 3
8 14 4
8 16 0
8 16 2
8 16 3
8 16 4
8 17 0
8 19 0
8 19 3
8 19 4
8 20 2
8 21 0
8 21 2
8 21 4
8 22 0
8 22 2
8 22 4
8 23 0
8 23 2
8 23 4
8 24 0
8 24 2
8 25 0
8 25 3
8 25 4
8 26 0
8 26 2
8 26 4
8 27 0
8 27 2
8 27 4
8 28 0
8 29 0
8 29 2
8 29 4
8 30 0
8 30 4
8 31 3
8 31 4
8 32 0
8 33 0
8 33 2
8 33 3
8 33 4
8 34 4
8 35 0
8 37 0
8 37 2
8 37 3
8 37 4
8 38 0
8 38 2
8 39 0
8 39 2
8 40 0
8 40 2
8 41 0
8 41 2
8 43 0
8 43 3
8 43 4
8 44 0
8 44 4
8 45 0
8 45 2
8 45 4
8 46 2
8 46 4
8 47 4
8 48 3
8 49 4
8 50 2
8 53 2
8 53 4
8 54 3
8 55 0
8 55 3
8 56 4
8 60 2
8 60 3
8 61 2
8 64 0
8 64 2
8 64 4
8 65 4
8 66 2
8 71 3
8 74 2
9 10 3
9 10 4
9 11 0
9 11 4
9 12 3
9 12 4
9 14 3
9 14 4
9 15 4
9 16 0
9 16 1
9 16 3
9 16 4
9 19 0
9 19 4
9 21 4
9 22 0
9 22 3
9 22 4
9 23 0
9 23 4
9 24 0
9 24 1
9 25 3
9 27 3
9 28 0
9 28 3
9 31 3
9 31 4
9 33 0
9 33 4
9 34 0
9 35 0
9 35 1
9 35 3
9 35 4
9 36 0
9 37 0
9 37 3
9 37 4
9 38 0
9 40 0
9 41 0
9 41 4
9 42 1
9 42 3
9 43 3
9 43 4
9 44 0
9 44 4
9 45 4
9 46 0
9 49 3
9 49 4
9 53 0
9 54 3
9 54 4
9 55 0
9 56 3
9 57 3
9 59 3
9 59 4
9 64 0
9 65 4
9 67 3
9 67 4
9 68 0
9 68 4
9 69 3
9 73 4
10 11 0
10 11 3
10 11 4
10 12 4
10 13 0
10 13 1
10 13 2
10 13 3
10 13 4
10 14 0
10 14 2
10 14 4
10 16 0
10 16 2
10 16 3
10 16 4
10 17 3
10 18 0
10 18 1
10 18 3
10 18 4
10 19 0
10 19 3
10 19 4
10 20 0
10 20 2
10 21 2
10 21 4
10 22 3
10 22 4
10 23 0
10 24 2
10 24 3
10 25 0
10 25 2
10 25 3
10 25 4
10 26 2
10 26 3
10 26 4
10 27 0
10 27 2
10 27 3
10 27 4
10 28 3
10 29 2
10 29 4
10 30 2
10 30 3
10 30 4
10 31 3
10 31 4
10 32 0
10 32 3
10 32 4
10 33 0
10 33 2
10 33 3
10 33 4
10 34 0
10 34 2
10 34 4
10 35 0
10 35 3
10 35 4
10 36 0
10 37 0
10 37 1
10 37 2
10 37 3
10 37 4
10 39 0
10 39 2
10 39 3
10 39 4
10 40 0
10 40 2
10 41 0
10 41 2
10 42 1
10 42 3
10 43 4
10 44 2
10 44 4
10 45 0
10 45 4
10 47 4
10 52 2
10 55 3
10 57 2
10 57 3
10 60 2
10 61 0
10 61 3
10 62 4
10 63 3
10 64 0
10 64 2
10 65 3
10 65 4
10 69 3
11 14 4
11 16 2
11 16 3
11 16 4
11 21 0
11 21 2
11 22 2
11 22 3
11 22 4
11 23 0
11 26 4
11 27 2
11 27 3
11 28 0
11 28 3
11 31 2
11 31 3
11 33 4
11 37 4
11 39 2
11 40 2
11 43 0
11 43 4
11 44 0
11 44 4
11 45 0
11 45 2
11 51 2
11 55 0
11 55 3
11 58 2
11 59 3
11 59 4
11 60 3
11 63 3
11 73 4
12 14 3
12 14 4
12 16 3
12 16 4
12 19 4
12 20 4
12 22 4
12 29 4
12 31 3
12 31 4
12 32 4
12 33 4
12 34 4
12 36 3
12 36 4
12 37 3
12 37 4
12 39 4
12 43 4
12 44 4
12 45 4
12 47 4
12 55 3
12 59 4
12 60 3
12 62 4
12 65 4
12 73 4
13 14 0
13 14 4
13 16 0
13 16 3
13 16 4
13 18 0
13 18 3
13 18 4
13 19 0
13 19 4
13 21 2
13 22 3
13 22 4
13 23 0
13 23 2
13 24 1
13 24 2
13 24 3
13 25 0
13 25 3
13 25 4
13 26 4
13 27 3
13 28 3
13 29 0
13 29 2
13 29 4
13 30 3
13 31 3
13 31 4
13 33 0
13 33 2
13 33 4
13 34 2
13 36 0
13 36 2
13 37 0
13 37 1
13 37 2
13 37 3
13 37 4
13 39 0
13 39 1
13 39 2
13 39 3
13 39 4
13 40 0
13 40 2
13 42 3
13 43 3
13 46 0
13 47 3
13 47 4
13 54 3
13 54 4
13 56 1
13 56 3
13 61 0
13 62 0
13 65 4
13 68 4
13 69 3
14 15 4
14 16 0
14 16 2
14 16 3
14 16 4
14 17 4
14 19 4
14 21 0
14 21 4
14 22 0
14 22 4
14 23 0
14 24 2
14 25 0
14 25 4
14 26 0
14 27 0
14 27 4
14 29 0
14 29 2
14 29 3
14 29 4
14 31 2
14 31 3
14 31 4
14 33 0
14 33 4
14 34 2
14 35 2
14 35 4
14 37 0
14 37 3
14 37 4
14 38 2
14 39 4
14 40 2
14 41 0
14 41 4
14 43 0
14 43 3
14 43 4
14 44 2
14 44 4
14 45 0
14 46 0
14 47 4
14 49 0
14 50 2
14 52 2
14 53 0
14 53 2
14 53 4
14 54 4
14 55 3
14 56 4
14 57 2
14 59 4
14 60 2
14 60 3
14 62 4
14 64 0
14 64 2
14 64 4
14 65 2
14 65 4
14 67 4
14 68 4
14 70 2
14 72 2
14 73 4
15 16 4
15 19 4
15 24 3
15 28 3
15 31 3
15 55 3
15 59 3
15 59 4
15 73 4
16 17 4
16 18 3
16 19 0
16 19 3
16 19 4
16 20 0
16 20 2
16 21 0
16 21 2
16 21 4
16 22 0
16 22 2
16 22 3
16 22 4
16 23 0
16 23 2
16 24 0
16 24 2
16 24 3
16 25 4
16 26 0
16 26 2
16 26 4
16 27 0
16 27 4
16 28 0
16 28 1
16 28 3
16 29 0
16 29 1
16 29 2
16 30 0
16 30 2
16 31 3
16 31 4
16 32 4
16 33 0
16 33 2
16 33 3
16 33 4
16 34 2
16 35 2
16 35 4
16 37 0
16 37 2
16 37 3
16 37 4
16 38 0
16 39 0
16 39 2
16 39 3
16 39 4
16 40 0
16 40 2
16 42 1
16 42 3
16 43 0
16 43 3
16 43 4
16 44 0
16 44 2
16 44 4
16 45 0
16 46 4
16 47 4
16 48 3
16 49 4
16 50 2
16 53 2
16 53 4
16 54 4
16 55 0
16 55 3
16 57 2
16 60 1
16 60 3
16 61 2
16 62 4
16 63 3
16 64 0
16 64 2
16 65 1
16 65 2
16 65 4
16 66 2
16 71 3
16 74 2
17 19 4
17 22 3
17 22 4
17 31 3
17 33 4
17 39 4
17 43 4
17 44 4
17 73 4
18 19 0
18 19 4
18 22 3
18 25 0
18 25 3
18 25 4
18 28 3
18 29 3
18 30 4
18 32 3
18 33 0
18 34 3
18 36 0
18 36 3
18 37 0
18 37 1
18 37 3
18 37 4
18 39 0
18 39 1
18 42 3
18 47 3
18 49 0
18 56 1
18 69 3
19 21 0
19 22 0
19 22 4
19 23 0
19 25 0
19 25 3
19 25 4
19 26 3
19 28 0
19 29 4
19 30 0
19 30 4
19 31 4
19 32 4
19 33 0
19 33 3
19 33 4
19 36 0
19 37 0
19 37 3
19 37 4
19 38 0
19 39 0
19 39 4
19 40 0
19 43 4
19 44 0
19 46 0
19 47 4
19 55 3
19 56 3
19 56 4
19 62 0
19 62 3
19 65 3
19 65 4
19 71 3
20 21 2
20 23 0
20 24 2
20 27 2
20 29 0
20 29 2
20 38 0
20 43 0
20 44 0
20 44 2
20 44 4
20 49 4
20 50 2
21 22 0
21 22 2
21 22 4
21 23 0
21 23 2
21 24 0
21 24 2
21 25 0
21 26 0
21 26 2
21 27 0
21 27 2
21 28 0
21 29 0
21 29 2
21 30 2
21 33 0
21 33 2
21 34 0
21 34 2
21 35 0
21 35 2
21 36 0
21 37 0
21 37 2
21 38 0
21 40 2
21 41 0
21 41 2
21 43 0
21 43 4
21 44 0
21 44 4
21 45 0
21 45 2
21 46 0
21 46 2
21 52 2
21 53 0
21 53 2
21 55 0
21 61 0
21 61 2
21 62 0
21 64 0
21 64 2
21 65 0
21 65 2
21 66 2
21 68 0
21 70 2
21 72 2
21 74 2
22 23 0
22 23 2
22 24 0
22 24 2
22 24 3
22 25 3
22 25 4
22 26 0
22 27 3
22 28 0
22 28 3
22 29 0
22 29 2
22 29 3
22 29 4
22 30 0
22 30 4
22 31 3
22 31 4
22 32 0
22 32 3
22 32 4
22 33 0
22 33 2
22 33 4
22 34 3
22 34 4
22 35 4
22 36 0
22 36 4
22 37 0
22 37 2
22 37 3
22 37 4
22 38 0
22 39 0
22 39 2
22 39 4
22 40 0
22 40 2
22 42 3
22 43 0
22 43 3
22 43 4
22 44 0
22 44 4
22 45 0
22 45 2
22 46 2
22 47 3
22 47 4
22 48 3
22 49 4
22 52 2
22 53 0
22 55 0
22 62 0
22 62 3
22 62 4
22 64 0
22 65 0
22 65 2
22 65 4
22 66 2
22 68 0
22 69 3
22 72 2
22 74 2
23 24 0
23 24 2
23 27 0
23 27 2
23 28 0
23 29 0
23 30 0
23 33 0
23 34 0
23 35 0
23 35 4
23 36 0
23 36 2
23 37 0
23 37 2
23 38 0
23 39 0
23 40 0
23 40 2
23 41 0
23 43 0
23 44 0
23 45 0
23 46 0
23 55 0
23 62 0
23 64 0
23 65 2
23 68 0
23 74 0
24 25 3
24 27 3
24 28 0
24 28 1
24 28 3
24 29 2
24 29 3
24 30 1
24 30 3
24 31 3
24 32 3
24 34 2
24 36 3
24 37 2
24 37 3
24 38 0
24 38 2
24 39 0
24 40 0
24 40 2
24 42 3
24 43 3
24 44 0
24 44 2
24 45 2
24 47 3
24 50 2
24 52 2
24 55 0
24 57 2
24 57 3
24 63 3
24 65 2
24 70 0
24 70 2
24 72 2
24 74 2
25 26 3
25 28 3
25 29 0
25 29 4
25 30 3
25 31 3
25 31 4
25 33 0
25 33 3
25 33 4
25 37 0
25 37 3
25 37 4
25 40 2
25 42 3
25 43 0
25 43 4
25 47 3
25 48 3
25 49 0
25 49 4
25 54 4
25 55 3
25 60 3
25 65 4
25 68 4
26 30 0
26 31 3
26 31 4
26 33 0
26 33 2
26 33 4
26 37 0
26 37 4
26 39 2
26 40 2
26 42 3
26 49 3
26 57 3
26 65 3
27 28 3
27 29 0
27 29 2
27 32 0
27 32 3
27 33 0
27 33 2
27 34 0
27 34 2
27 35 0
27 35 2
27 35 4
27 37 0
27 37 2
27 37 4
27 39 2
27 39 4
27 40 2
27 41 0
27 41 2
27 42 3
27 43 0
27 45 0
27 45 2
27 45 4
27 46 0
27 46 2
27 53 2
27 62 0
27 62 4
27 68 0
28 29 0
28 29 3
28 30 0
28 31 3
28 32 3
28 33 0
28 34 0
28 35 0
28 36 0
28 36 3
28 37 0
28 37 3
28 38 0
28 39 0
28 39 3
28 41 0
28 42 1
28 42 3
28 43 3
28 44 0
28 46 0
28 53 0
28 54 3
28 55 0
28 57 3
28 60 1
28 60 2
28 62 0
28 63 3
28 64 0
28 65 0
28 65 3
28 68 0
29 31 2
29 31 3
29 31 4
29 33 2
29 33 3
29 33 4
29 37 0
29 37 2
29 37 3
29 37 4
29 39 0
29 40 2
29 42 1
29 42 3
29 43 0
29 43 3
29 43 4
29 44 0
29 44 2
29 44 4
29 45 0
29 47 3
29 47 4
29 49 4
29 50 2
29 51 2
29 55 0
29 55 3
29 57 2
29 58 2
29 59 3
29 59 4
29 60 3
29 73 4
30 31 4
30 33 0
30 33 2
30 33 4
30 37 0
30 37 2
30 37 3
30 37 4
30 39 2
30 39 4
30 40 0
30 40 2
30 43 4
30 57 2
30 65 2
30 68 0
30 68 4
30 71 4
31 36 3
31 37 3
31 37 4
31 40 2
31 42 3
31 43 3
31 43 4
31 44 2
31 46 2
31 48 3
31 50 2
31 52 2
31 54 4
31 55 3
31 56 4
31 59 3
31 60 3
31 63 3
31 64 2
31 65 2
31 65 3
31 68 4
31 69 3
31 70 2
31 74 2
32 33 0
32 34 3
32 34 4
32 37 0
32 37 3
32 37 4
32 39 0
32 42 3
32 43 0
32 43 3
32 43 4
32 44 4
32 45 0
32 55 3
32 59 3
32 59 4
32 60 3
32 73 4
33 34 0
33 34 4
33 37 0
33 37 2
33 37 3
33 37 4
33 38 0
33 39 0
33 39 2
33 39 4
33 40 0
33 40 2
33 43 4
33 44 0
33 44 2
33 44 4
33 45 0
33 45 2
33 49 4
33 54 3
33 55 0
33 57 2
33 61 0
33 61 2
33 61 3
33 62 0
33 62 4
33 65 4
33 70 2
34 38 0
34 42 1
34 42 3
34 43 0
34 43 4
34 45 0
34 45 2
34 50 2
34 51 2
34 52 2
34 55 0
34 55 3
34 58 2
34 59 3
34 59 4
34 60 3
34 73 4
35 40 2
35 43 0
35 43 4
35 44 4
35 45 2
35 50 2
35 51 2
35 55 0
35 55 3
35 58 2
35 59 3
35 59 4
35 73 4
36 38 0
36 42 3
36 59 3
36 59 4
36 65 3
36 73 4
37 38 0
37 39 0
37 39 1
37 39 2
37 39 4
37 40 0
37 40 2
37 41 4
37 42 1
37 42 3
37 43 0
37 43 3
37 43 4
37 44 0
37 44 2
37 44 4
37 45 0
37 45 4
37 46 0
37 48 3
37 49 0
37 49 4
37 55 3
37 56 3
37 57 2
37 57 3
37 60 3
37 63 3
37 64 0
37 65 3
37 65 4
37 66 2
37 74 2
38 40 0
38 44 0
38 44 2
38 50 2
38 55 0
38 60 2
38 62 0
38 65 0
39 40 0
39 40 2
39 43 4
39 44 0
39 46 0
39 46 2
39 54 4
39 64 2
39 65 4
39 68 0
39 74 2
40 41 2
40 44 0
40 44 2
40 45 2
40 46 2
40 53 2
40 57 2
40 61 2
40 62 0
40 64 2
40 66 2
40 68 0
41 43 0
41 44 0
41 51 2
41 54 4
41 55 0
41 58 2
41 59 4
42 43 3
42 47 3
42 48 3
42 60 1
42 62 3
42 63 3
42 65 1
42 65 3
42 67 1
43 44 4
43 45 0
43 45 4
43 46 0
43 47 3
43 47 4
43 48 3
43 49 0
43 49 4
43 53 0
43 54 3
43 54 4
43 56 3
43 60 3
43 62 0
43 65 3
43 65 4
43 67 3
43 67 4
43 68 0
43 68 4
43 69 3
43 71 4
44 46 0
44 47 4
44 49 4
44 50 2
44 53 0
44 53 2
44 53 4
44 55 0
44 60 2
44 64 0
44 65 0
44 65 2
44 65 4
44 68 0
44 68 4
44 74 0
45 46 0
45 46 2
45 53 2
45 61 2
45 62 0
45 68 0
46 51 2
46 53 4
46 58 2
46 74 2
47 55 3
47 59 3
47 59 4
47 60 1
47 73 4
48 55 3
48 59 3
48 60 3
49 55 3
49 60 1
49 61 3
50 52 2
50 65 2
50 72 2
51 52 2
51 53 2
51 58 2
51 64 2
51 65 2
51 72 2
52 58 2
53 55 0
53 58 2
54 55 3
54 59 3
54 60 3
54 69 3
55 56 3
55 60 3
55 62 0
55 62 3
55 64 0
55 65 0
55 65 3
55 69 3
56 59 3
57 64 2
58 64 2
58 65 2
58 66 2
58 70 2
58 72 2
59 62 4
59 65 3
59 65 4
59 69 3
59 73 4
60 65 3
62 73 4
65 73 4
67 71 3
67 71 4
68 73 4
