0 1 0
0 1 1
0 2 1
0 3 1
0 4 1
0 5 0
0 13 0
0 20 1
0 21 0
0 21 1
0 23 0
0 31 0
0 33 1
0 36 0
0 36 2
0 40 1
0 44 1
0 45 0
0 49 0
0 50 2
0 51 1
0 62 0
0 64 0
0 64 1
0 72 1
0 74 1
0 76 0
0 77 0
0 78 0
0 78 1
0 84 1
0 103 0
1 2 1
1 3 1
1 3 2
1 5 0
1 5 1
1 5 2
1 7 0
1 13 1
1 15 1
1 15 2
1 16 1
1 18 1
1 19 1
1 20 0
1 20 1
1 20 2
1 21 0
1 21 1
1 21 2
1 22 1
1 23 1
1 25 0
1 25 1
1 25 2
1 26 2
1 30 1
1 31 0
1 31 1
1 32 1
1 33 1
1 34 0
1 35 1
1 35 2
1 36 2
1 37 1
1 38 0
1 38 1
1 38 2
1 42 1
1 42 2
1 44 1
1 44 2
1 45 0
1 45 1
1 47 0
1 47 2
1 49 0
1 49 1
1 53 0
1 53 2
1 54 1
1 57 1
1 57 2
1 58 1
1 59 2
1 62 1
1 63 0
1 63 1
1 63 2
1 64 1
1 64 2
1 69 1
1 70 0
1 70 1
1 70 2
1 71 2
1 74 2
1 75 2
1 77 0
1 77 1
1 78 1
1 83 0
1 83 1
1 85 0
1 87 0
1 88 0
1 88 1
1 89 0
1 89 1
1 89 2
1 91 1
1 91 2
1 93 2
1 96 0
1 98 2
1 99 0
1 99 1
1 100 0
1 101 2
1 102 2
1 111 1
2 3 1
2 5 0
2 13 1
2 16 1
2 19 1
2 20 1
2 21 1
2 31 1
2 32 1
2 34 0
2 38 0
2 40 1
2 44 0
2 44 1
2 45 1
2 47 1
2 49 1
2 54 1
2 55 1
2 57 0
2 58 1
2 64 0
2 65 1
2 79 0
2 79 1
2 87 1
2 90 0
2 108 1
3 4 0
3 4 1
3 6 0
3 7 0
3 13 0
3 18 0
3 20 2
3 21 1
3 21 2
3 22 1
3 25 0
3 33 0
3 34 2
3 36 0
3 36 2
3 38 2
3 43 1
3 43 2
3 44 1
3 48 0
3 49 1
3 51 1
3 53 0
3 59 0
3 59 2
3 63 0
3 64 2
3 65 1
3 70 0
3 71 0
3 71 1
3 73 0
3 77 1
3 79 1
3 80 1
3 84 1
3 94 1
3 104 0
4 5 0
4 5 1
4 6 0
4 8 0
4 8 1
4 9 1
4 9 2
4 10 2
4 14 1
4 19 1
4 19 2
4 21 1
4 23 2
4 25 1
4 27 0
4 29 2
4 30 1
4 34 0
4 36 0
4 36 1
4 36 2
4 37 1
4 38 0
4 40 0
4 40 1
4 40 2
4 44 1
4 44 2
4 45 0
4 46 1
4 47 0
4 47 2
4 48 0
4 48 1
4 48 2
4 49 0
4 49 1
4 49 2
4 51 1
4 53 2
4 54 0
4 54 1
4 54 2
4 55 0
4 56 0
4 56 1
4 56 2
4 57 0
4 62 1
4 63 2
4 64 0
4 64 1
4 64 2
4 66 2
4 70 1
4 74 0
4 77 0
4 77 2
4 78 1
4 84 1
4 88 0
4 89 0
4 89 2
4 94 2
4 110 1
5 11 1
5 13 1
5 16 1
5 17 0
5 19 1
5 20 1
5 21 1
5 22 1
5 23 1
5 25 0
5 25 1
5 25 2
5 27 1
5 33 0
5 34 0
5 36 2
5 37 0
5 39 0
5 39 1
5 40 2
5 46 0
5 46 1
5 47 0
5 49 0
5 50 1
5 53 0
5 53 2
5 54 0
5 54 1
5 54 2
5 56 2
5 57 0
5 57 2
5 60 0
5 60 2
5 62 1
5 64 2
5 68 1
5 70 0
5 71 0
5 75 1
5 75 2
5 76 1
5 77 0
5 77 1
5 77 2
5 78 1
5 79 1
5 83 1
5 84 1
5 84 2
5 86 0
5 86 2
5 88 0
5 89 1
5 91 2
5 92 1
5 94 0
5 96 0
5 97 0
5 97 1
5 98 2
5 104 0
5 110 1
6 7 0
6 8 0
6 9 0
6 11 0
6 12 0
6 13 0
6 14 0
6 16 0
6 20 0
6 21 0
6 31 0
6 34 0
6 36 0
6 38 0
6 41 0
6 46 0
6 47 0
6 48 0
6 49 0
6 51 0
6 52 0
6 53 0
6 56 0
6 58 0
6 59 0
6 60 0
6 64 0
6 67 0
6 71 0
6 72 0
6 73 0
6 76 0
6 77 0
6 78 0
6 79 0
6 80 0
6 83 0
6 88 0
6 92 0
6 96 0
6 97 0
6 103 0
7 8 2
7 13 0
7 13 1
7 14 0
7 14 1
7 14 2
7 16 0
7 16 1
7 16 2
7 18 0
7 19 0
7 20 0
7 20 2
7 21 1
7 23 0
7 25 0
7 26 1
7 26 2
7 27 0
7 31 0
7 32 1
7 32 2
7 33 0
7 34 0
7 34 2
7 36 2
7 37 0
7 41 2
7 44 1
7 44 2
7 45 0
7 46 0
7 47 0
7 48 0
7 48 1
7 48 2
7 49 0
7 49 2
7 50 0
7 50 2
7 52 0
7 53 2
7 54 0
7 55 2
7 57 2
7 59 2
7 62 0
7 63 0
7 64 0
7 64 1
7 64 2
7 65 1
7 65 2
7 66 2
7 68 2
7 69 0
7 69 1
7 69 2
7 70 0
7 71 0
7 71 2
7 73 0
7 74 0
7 75 1
7 75 2
7 77 2
7 78 0
7 81 1
7 82 0
7 82 2
7 85 0
7 85 1
7 87 0
7 88 0
7 88 2
7 89 0
7 89 2
7 91 2
7 94 0
7 95 2
7 96 0
7 96 2
7 99 0
7 99 1
7 104 0
7 105 2
8 9 0
8 9 2
8 14 2
8 20 2
8 27 2
8 30 0
8 31 0
8 36 2
8 46 2
8 51 0
8 54 0
8 54 1
8 54 2
8 59 2
8 60 0
8 68 2
8 69 0
8 76 0
8 77 0
9 12 0
9 16 2
9 17 0
9 19 0
9 20 0
9 20 2
9 21 0
9 21 1
9 22 1
9 23 1
9 25 0
9 28 0
9 28 2
9 30 0
9 30 1
9 30 2
9 35 1
9 36 1
9 40 2
9 48 2
9 49 0
9 50 1
9 51 0
9 51 2
9 52 0
9 54 0
9 54 1
9 54 2
9 57 2
9 59 2
9 64 2
9 68 1
9 68 2
9 71 2
9 72 2
9 73 0
9 75 2
9 76 0
9 79 1
9 88 0
9 97 0
9 104 0
9 108 2
10 14 0
10 17 1
10 24 1
10 31 0
10 33 1
10 40 1
10 49 1
10 50 1
10 58 1
10 70 2
10 71 1
10 74 0
10 83 1
10 96 2
11 12 1
11 22 1
11 28 0
11 35 0
11 36 2
11 45 1
11 49 1
11 51 0
11 51 1
11 51 2
11 56 1
11 57 1
11 77 1
11 77 2
11 80 0
12 13 0
12 14 1
12 19 1
12 20 0
12 20 1
12 21 0
12 21 1
12 23 1
12 27 0
12 31 0
12 42 1
12 44 0
12 49 1
12 52 0
12 53 0
12 56 0
12 56 1
12 64 0
12 64 1
12 71 0
12 75 1
12 77 0
12 77 1
12 78 0
12 79 1
12 81 0
12 81 1
12 85 1
12 100 1
12 103 0
13 14 1
13 15 0
13 15 1
13 16 1
13 16 2
13 17 0
13 19 0
13 20 0
13 20 1
13 20 2
13 21 0
13 21 1
13 22 0
13 22 1
13 23 0
13 23 1
13 23 2
13 25 0
13 28 0
13 28 1
13 28 2
13 30 0
13 30 1
13 32 1
13 32 2
13 33 1
13 33 2
13 34 0
13 36 2
13 38 0
13 38 1
13 39 1
13 40 1
13 41 0
13 41 2
13 44 0
13 44 1
13 46 1
13 48 0
13 49 1
13 49 2
13 50 2
13 52 0
13 52 1
13 52 2
13 53 0
13 54 1
13 56 0
13 57 1
13 57 2
13 58 1
13 60 0
13 62 0
13 63 0
13 64 1
13 64 2
13 65 0
13 65 1
13 68 1
13 69 1
13 71 0
13 71 1
13 71 2
13 72 0
13 73 0
13 73 1
13 73 2
13 74 0
13 77 0
13 77 1
13 77 2
13 78 0
13 78 1
13 79 1
13 80 0
13 80 1
13 82 1
13 83 1
13 85 0
13 87 0
13 87 1
13 88 1
13 88 2
13 89 1
13 89 2
13 90 0
13 92 1
13 94 2
13 99 0
13 99 1
13 104 0
13 104 2
13 105 1
13 107 0
13 108 0
13 111 1
14 15 0
14 15 1
14 16 0
14 16 1
14 16 2
14 19 1
14 20 1
14 20 2
14 21 2
14 23 1
14 23 2
14 24 2
14 25 0
14 26 0
14 27 2
14 32 1
14 33 1
14 33 2
14 36 2
14 39 1
14 40 1
14 40 2
14 41 1
14 49 1
14 50 0
14 50 1
14 52 0
14 52 1
14 52 2
14 57 1
14 57 2
14 62 0
14 62 1
14 63 1
14 64 0
14 64 1
14 64 2
14 65 0
14 68 2
14 69 2
14 71 0
14 71 2
14 73 0
14 77 1
14 77 2
14 81 1
14 81 2
14 82 1
14 82 2
14 83 1
14 85 1
14 86 2
14 89 2
14 91 2
14 106 1
15 16 1
15 21 0
15 21 1
15 23 0
15 23 1
15 27 2
15 28 0
15 28 2
15 35 0
15 36 0
15 36 2
15 37 0
15 37 1
15 38 0
15 40 1
15 44 1
15 44 2
15 45 2
15 50 0
15 50 1
15 52 0
15 52 1
15 52 2
15 53 0
15 54 0
15 61 0
15 63 1
15 64 0
15 64 2
15 65 1
15 70 2
15 71 0
15 73 0
15 76 2
15 77 0
15 77 1
15 79 1
15 89 0
15 89 1
15 89 2
15 92 1
15 101 1
16 19 1
16 20 2
16 21 1
16 21 2
16 22 1
16 23 1
16 23 2
16 24 2
16 28 1
16 30 2
16 31 1
16 32 1
16 32 2
16 33 0
16 33 2
16 34 2
16 36 2
16 38 1
16 38 2
16 41 2
16 44 1
16 44 2
16 45 2
16 48 1
16 49 1
16 50 1
16 50 2
16 51 1
16 52 0
16 52 1
16 53 2
16 54 1
16 54 2
16 57 2
16 58 0
16 58 1
16 60 1
16 60 2
16 61 0
16 64 1
16 64 2
16 65 1
16 68 1
16 68 2
16 69 1
16 69 2
16 71 0
16 71 1
16 71 2
16 75 2
16 76 1
16 77 1
16 78 0
16 82 1
16 83 1
16 84 1
16 86 2
16 90 0
16 90 1
16 92 1
16 94 1
16 94 2
16 97 1
16 98 2
16 99 1
16 104 0
16 109 1
16 111 1
17 18 1
17 19 1
17 22 1
17 24 0
17 32 1
17 33 0
17 36 1
17 50 0
17 52 0
17 54 1
17 57 0
17 60 1
17 62 1
17 63 0
17 71 0
17 74 0
17 74 1
17 76 0
17 81 0
17 83 1
17 90 0
17 91 0
17 91 1
17 94 0
17 97 1
17 104 0
17 111 0
17 111 1
18 19 0
18 19 1
18 22 1
18 23 1
18 24 0
18 25 1
18 26 0
18 26 1
18 26 2
18 31 0
18 33 0
18 36 0
18 37 1
18 47 0
18 49 0
18 57 1
18 61 0
18 62 1
18 63 2
18 74 0
18 74 1
18 77 1
18 82 0
18 83 0
18 83 1
18 87 1
18 91 0
18 99 1
18 104 0
19 20 1
19 21 1
19 22 1
19 23 0
19 23 2
19 25 0
19 25 1
19 27 0
19 27 1
19 27 2
19 30 0
19 30 1
19 31 0
19 32 1
19 33 1
19 35 1
19 36 1
19 36 2
19 37 1
19 39 1
19 44 1
19 45 0
19 45 1
19 46 0
19 46 1
19 46 2
19 48 2
19 49 1
19 50 0
19 50 1
19 54 0
19 57 2
19 60 0
19 60 1
19 64 0
19 64 2
19 65 1
19 66 1
19 68 1
19 71 1
19 73 0
19 75 1
19 76 0
19 76 2
19 77 1
19 79 1
19 80 2
19 82 1
19 85 1
19 87 1
19 88 1
19 89 1
19 92 1
19 96 0
19 96 2
19 99 0
19 104 1
19 105 1
19 107 0
19 111 1
20 21 1
20 21 2
20 22 1
20 23 0
20 23 1
20 23 2
20 25 0
20 25 1
20 25 2
20 28 2
20 30 0
20 30 1
20 30 2
20 31 1
20 31 2
20 32 1
20 34 2
20 35 2
20 36 0
20 36 2
20 37 1
20 38 0
20 38 2
20 40 1
20 40 2
20 41 2
20 44 0
20 44 1
20 44 2
20 45 2
20 47 0
20 48 2
20 49 0
20 49 1
20 49 2
20 51 1
20 52 1
20 52 2
20 53 0
20 53 2
20 54 1
20 55 1
20 57 0
20 57 1
20 57 2
20 58 1
20 59 2
20 60 1
20 62 0
20 63 2
20 65 0
20 65 2
20 66 2
20 67 2
20 69 1
20 69 2
20 70 1
20 70 2
20 71 2
20 72 2
20 73 1
20 73 2
20 74 0
20 75 1
20 75 2
20 76 2
20 77 1
20 77 2
20 78 0
20 80 0
20 80 1
20 82 1
20 83 0
20 83 1
20 84 2
20 85 1
20 89 0
20 89 2
20 90 1
20 91 1
20 94 0
20 94 2
20 96 0
20 96 2
20 99 0
20 99 1
20 100 1
20 101 1
20 104 2
20 108 1
21 22 0
21 22 1
21 23 0
21 23 1
21 24 1
21 25 0
21 25 2
21 26 1
21 28 1
21 28 2
21 29 1
21 30 1
21 31 0
21 32 1
21 33 1
21 33 2
21 35 0
21 35 1
21 35 2
21 36 0
21 36 2
21 38 0
21 38 1
21 38 2
21 40 0
21 40 2
21 41 1
21 41 2
21 44 0
21 44 1
21 44 2
21 45 0
21 48 0
21 48 1
21 49 0
21 49 1
21 49 2
21 50 0
21 50 1
21 50 2
21 51 0
21 52 0
21 52 1
21 53 0
21 53 2
21 54 1
21 55 2
21 57 0
21 57 1
21 57 2
21 58 1
21 59 2
21 62 1
21 63 0
21 64 0
21 64 1
21 64 2
21 65 1
21 65 2
21 66 2
21 67 1
21 67 2
21 68 1
21 70 1
21 70 2
21 71 1
21 72 2
21 73 1
21 74 1
21 76 2
21 77 0
21 77 1
21 77 2
21 78 0
21 78 1
21 79 0
21 79 2
21 80 2
21 81 1
21 82 1
21 82 2
21 83 1
21 84 1
21 85 1
21 85 2
21 86 2
21 87 2
21 88 0
21 89 1
21 90 0
21 90 1
21 91 1
21 91 2
21 92 2
21 93 2
21 95 2
21 98 2
21 100 1
21 102 2
21 103 0
21 107 0
21 110 2
22 23 0
22 23 1
22 24 0
22 25 1
22 26 1
22 28 1
22 29 2
22 30 1
22 30 2
22 32 1
22 33 2
22 34 0
22 35 1
22 36 2
22 37 1
22 38 0
22 38 1
22 40 0
22 40 1
22 44 1
22 47 0
22 48 0
22 48 1
22 49 0
22 49 1
22 50 0
22 50 1
22 52 1
22 53 2
22 57 0
22 57 1
22 57 2
22 59 2
22 60 0
22 61 1
22 62 0
22 62 1
22 62 2
22 63 0
22 64 0
22 65 0
22 68 1
22 69 0
22 69 1
22 70 1
22 71 0
22 72 1
22 73 0
22 74 1
22 75 1
22 76 0
22 76 1
22 77 1
22 78 0
22 79 2
22 83 0
22 83 1
22 85 0
22 85 1
22 87 1
22 89 0
22 91 1
22 94 0
22 99 1
22 100 1
22 101 1
22 109 1
22 110 1
22 111 1
23 24 1
23 25 0
23 25 1
23 28 0
23 28 1
23 28 2
23 29 1
23 30 0
23 32 1
23 33 0
23 33 1
23 33 2
23 35 0
23 36 2
23 37 0
23 37 1
23 38 0
23 38 1
23 40 2
23 41 2
23 43 2
23 44 1
23 47 1
23 47 2
23 49 0
23 49 1
23 49 2
23 50 0
23 50 1
23 50 2
23 51 0
23 51 1
23 52 0
23 52 1
23 52 2
23 53 0
23 53 2
23 54 0
23 54 1
23 55 0
23 55 1
23 56 0
23 57 2
23 58 1
23 59 2
23 60 2
23 64 1
23 64 2
23 65 1
23 69 0
23 70 2
23 71 2
23 73 0
23 73 1
23 73 2
23 75 1
23 77 0
23 77 1
23 77 2
23 78 0
23 79 0
23 79 1
23 82 0
23 82 1
23 82 2
23 83 0
23 83 1
23 83 2
23 84 1
23 88 0
23 88 1
23 88 2
23 89 0
23 89 2
23 90 2
23 91 0
23 91 1
23 91 2
23 94 1
23 97 0
23 98 2
23 99 1
23 102 2
23 103 0
23 104 0
23 108 2
24 25 0
24 25 1
24 26 0
24 33 0
24 33 1
24 33 2
24 34 0
24 36 0
24 36 2
24 37 0
24 40 0
24 49 1
24 50 0
24 50 1
24 53 0
24 54 0
24 54 1
24 57 2
24 59 2
24 61 2
24 68 1
24 71 2
24 74 0
24 74 2
24 76 0
24 77 1
24 81 0
24 83 0
24 83 1
24 85 0
24 88 0
24 89 1
24 90 0
24 91 0
24 94 0
24 104 0
24 104 1
24 104 2
24 106 0
24 106 2
24 108 0
24 108 1
24 108 2
24 111 0
25 26 0
25 31 1
25 32 2
25 36 0
25 36 1
25 36 2
25 37 1
25 38 0
25 38 1
25 38 2
25 40 1
25 42 1
25 44 0
25 44 2
25 45 0
25 45 1
25 45 2
25 48 0
25 49 0
25 49 1
25 51 1
25 52 2
25 53 0
25 53 2
25 54 0
25 57 0
25 57 1
25 57 2
25 59 2
25 60 0
25 61 1
25 63 0
25 63 1
25 63 2
25 64 1
25 64 2
25 65 0
25 66 2
25 70 0
25 70 1
25 70 2
25 71 2
25 75 1
25 75 2
25 76 0
25 76 1
25 77 1
25 77 2
25 78 1
25 80 1
25 83 2
25 85 0
25 88 0
25 88 2
25 89 1
25 90 2
25 91 2
25 99 0
25 99 1
25 101 2
25 104 0
25 107 0
26 27 0
26 29 2
26 30 1
26 33 0
26 37 1
26 40 1
26 43 1
26 44 1
26 47 1
26 49 0
26 49 1
26 50 0
26 50 2
26 55 0
26 62 0
26 62 1
26 62 2
26 63 2
26 64 0
26 64 2
26 68 1
26 74 0
26 74 1
26 74 2
26 77 2
26 79 1
26 82 2
26 83 0
26 83 1
26 90 1
26 97 0
26 101 2
26 104 0
27 28 1
27 33 1
27 36 2
27 40 1
27 45 0
27 46 0
27 46 1
27 46 2
27 52 2
27 54 1
27 57 1
27 57 2
27 60 0
27 60 1
27 60 2
27 64 0
27 66 2
27 68 2
27 71 0
27 76 1
27 77 0
27 77 2
27 79 1
27 79 2
27 80 0
27 80 1
27 87 0
27 89 0
27 92 0
27 92 1
27 105 0
28 30 1
28 32 1
28 33 1
28 34 0
28 36 2
28 38 1
28 40 2
28 41 2
28 44 1
28 49 0
28 49 1
28 50 1
28 50 2
28 52 1
28 52 2
28 54 0
28 54 1
28 57 0
28 59 2
28 60 1
28 61 1
28 64 1
28 64 2
28 68 2
28 70 2
28 72 1
28 73 2
28 77 1
28 82 1
28 88 1
28 89 2
28 90 1
28 91 2
28 92 1
28 97 0
28 97 1
28 99 1
28 102 2
28 104 1
28 105 1
28 110 1
29 30 1
29 30 2
29 36 2
29 49 1
29 53 2
29 57 2
29 62 1
29 62 2
29 65 1
29 72 1
29 76 2
29 83 1
29 88 2
29 92 2
29 94 2
29 95 2
29 101 1
29 101 2
29 102 2
29 109 1
30 31 1
30 31 2
30 35 1
30 36 0
30 37 1
30 40 1
30 40 2
30 44 0
30 44 2
30 45 0
30 45 2
30 46 1
30 47 1
30 48 1
30 48 2
30 49 1
30 49 2
30 50 1
30 53 2
30 54 0
30 54 1
30 54 2
30 56 2
30 57 0
30 57 1
30 57 2
30 62 0
30 64 1
30 68 1
30 68 2
30 70 0
30 72 1
30 73 0
30 76 1
30 77 1
30 79 1
30 79 2
30 80 0
30 83 0
30 85 1
30 87 1
30 90 2
30 91 2
30 92 0
30 96 2
30 99 0
30 101 1
30 110 2
31 32 1
31 32 2
31 36 0
31 36 1
31 36 2
31 37 1
31 38 0
31 49 1
31 49 2
31 52 1
31 54 0
31 54 2
31 56 1
31 57 2
31 58 0
31 63 2
31 65 2
31 72 0
31 72 1
31 72 2
31 73 1
31 74 0
31 75 1
31 76 2
31 77 2
31 78 0
31 78 1
31 80 1
31 82 2
31 83 0
31 83 1
31 83 2
31 84 1
31 88 1
31 94 0
31 94 2
31 99 0
31 105 1
31 106 1
31 108 1
32 33 1
32 34 2
32 36 2
32 37 1
32 44 1
32 47 2
32 49 1
32 50 1
32 52 1
32 52 2
32 53 2
32 54 1
32 57 2
32 64 1
32 64 2
32 66 2
32 69 1
32 69 2
32 70 2
32 71 2
32 72 1
32 73 1
32 73 2
32 75 1
32 77 1
32 77 2
32 78 1
32 78 2
32 79 1
32 82 1
32 82 2
32 88 2
32 90 1
32 91 2
32 95 2
32 97 1
32 99 1
32 102 2
32 110 1
33 34 0
33 36 2
33 40 0
33 40 2
33 44 1
33 46 0
33 49 1
33 49 2
33 50 0
33 50 1
33 50 2
33 51 0
33 52 0
33 52 1
33 53 0
33 53 2
33 54 0
33 54 1
33 57 1
33 57 2
33 59 2
33 60 0
33 62 2
33 64 1
33 64 2
33 65 1
33 66 1
33 69 2
33 72 0
33 72 1
33 74 0
33 76 0
33 77 1
33 79 2
33 81 0
33 83 0
33 83 2
33 88 1
33 88 2
33 89 1
33 90 0
33 90 2
33 94 0
33 102 2
33 104 0
33 104 2
33 106 2
33 108 0
33 108 1
33 108 2
33 111 0
34 36 0
34 36 2
34 37 0
34 44 0
34 47 0
34 48 0
34 50 0
34 51 0
34 53 0
34 54 0
34 57 0
34 59 2
34 64 0
34 64 2
34 66 2
34 67 0
34 69 2
34 74 0
34 76 0
34 76 2
34 78 0
34 79 0
34 88 0
34 88 2
34 89 0
34 90 0
34 91 0
34 94 0
34 99 0
34 100 0
34 101 2
34 103 0
35 36 2
35 38 0
35 38 1
35 38 2
35 41 0
35 41 1
35 41 2
35 42 1
35 42 2
35 49 0
35 49 1
35 51 0
35 51 1
35 51 2
35 53 0
35 53 2
35 57 0
35 57 1
35 57 2
35 59 2
35 60 0
35 63 2
35 65 0
35 74 1
35 77 0
35 77 1
35 77 2
35 80 0
35 83 2
35 85 0
35 85 2
35 89 0
35 89 1
35 90 0
35 93 2
35 95 2
35 104 0
35 111 0
36 38 1
36 39 1
36 40 0
36 40 2
36 41 0
36 41 1
36 41 2
36 42 1
36 42 2
36 43 1
36 44 2
36 45 2
36 47 2
36 48 1
36 48 2
36 49 2
36 50 2
36 51 1
36 51 2
36 52 0
36 52 2
36 53 0
36 53 2
36 54 0
36 54 2
36 55 2
36 57 1
36 57 2
36 58 0
36 58 1
36 59 0
36 59 2
36 60 0
36 60 2
36 62 2
36 63 2
36 64 0
36 64 2
36 65 2
36 66 1
36 66 2
36 67 2
36 68 2
36 69 2
36 70 1
36 70 2
36 71 0
36 71 2
36 72 2
36 73 0
36 74 0
36 75 2
36 76 0
36 76 2
36 77 0
36 77 1
36 77 2
36 78 2
36 79 0
36 79 2
36 80 2
36 81 2
36 82 2
36 83 1
36 84 1
36 84 2
36 85 0
36 86 2
36 88 2
36 91 2
36 92 2
36 93 2
36 94 1
36 94 2
36 95 2
36 96 0
36 97 1
36 98 2
36 99 2
36 100 0
36 100 1
36 101 2
36 102 2
36 104 0
36 105 2
36 107 2
36 109 1
36 110 2
36 111 1
36 112 1
37 38 1
37 40 1
37 44 1
37 45 0
37 46 1
37 49 0
37 50 1
37 51 0
37 51 1
37 52 1
37 53 0
37 54 0
37 55 0
37 64 0
37 64 1
37 65 1
37 66 1
37 67 0
37 69 1
37 70 1
37 71 0
37 75 1
37 77 1
37 78 1
37 79 1
37 81 0
37 82 1
37 83 1
37 84 1
37 89 0
37 89 1
37 99 0
37 99 1
38 40 0
38 40 1
38 41 1
38 44 0
38 44 2
38 45 0
38 45 1
38 45 2
38 49 1
38 50 0
38 50 2
38 51 0
38 53 2
38 57 0
38 57 1
38 57 2
38 58 1
38 59 2
38 62 0
38 62 1
38 63 0
38 63 1
38 63 2
38 64 1
38 64 2
38 65 1
38 66 1
38 66 2
38 67 2
38 70 0
38 70 1
38 70 2
38 77 0
38 77 1
38 77 2
38 78 1
38 80 2
38 82 0
38 82 1
38 83 1
38 84 1
38 85 1
38 89 0
38 89 1
38 99 1
38 110 2
38 111 1
39 51 1
39 52 1
39 57 1
39 66 1
39 77 1
39 79 1
39 83 1
39 88 1
39 104 1
39 111 0
40 42 1
40 44 1
40 45 0
40 49 1
40 49 2
40 50 1
40 51 2
40 52 2
40 53 2
40 54 2
40 56 1
40 57 2
40 59 2
40 60 1
40 62 1
40 64 0
40 64 2
40 65 2
40 66 1
40 66 2
40 68 2
40 71 1
40 71 2
40 72 1
40 72 2
40 73 1
40 77 0
40 77 1
40 77 2
40 78 0
40 79 1
40 79 2
40 80 1
40 81 1
40 83 0
40 83 1
40 84 1
40 85 1
40 87 1
40 92 2
40 106 0
41 42 1
41 42 2
41 49 0
41 49 2
41 51 2
41 52 1
41 53 0
41 53 2
41 57 0
41 57 1
41 57 2
41 59 2
41 64 2
41 67 0
41 67 1
41 67 2
41 70 2
41 71 2
41 73 0
41 77 0
41 77 2
41 83 0
41 90 1
41 93 2
41 95 2
41 96 0
42 51 2
42 53 2
42 57 1
42 57 2
42 59 2
42 67 1
42 67 2
42 71 1
42 77 1
42 77 2
42 79 2
42 87 1
42 89 1
43 65 2
43 70 2
43 72 2
43 79 1
43 84 1
43 88 2
43 102 2
44 45 0
44 46 1
44 47 0
44 47 2
44 49 1
44 49 2
44 50 1
44 51 0
44 51 1
44 51 2
44 53 2
44 54 0
44 55 1
44 56 0
44 56 2
44 57 0
44 57 1
44 57 2
44 58 1
44 59 2
44 60 0
44 63 0
44 64 0
44 64 1
44 64 2
44 66 1
44 66 2
44 67 2
44 69 0
44 69 1
44 70 1
44 72 0
44 72 2
44 73 1
44 75 1
44 76 0
44 77 0
44 77 1
44 77 2
44 79 0
44 79 1
44 79 2
44 83 1
44 84 1
44 84 2
44 87 1
44 88 1
44 88 2
44 90 2
44 100 1
44 103 0
44 107 0
44 108 1
45 46 0
45 46 1
45 47 2
45 48 2
45 49 0
45 49 1
45 54 2
45 57 0
45 57 2
45 62 0
45 62 1
45 63 0
45 63 1
45 63 2
45 64 1
45 66 2
45 70 0
45 70 1
45 70 2
45 76 1
45 76 2
45 80 1
45 88 0
46 48 0
46 49 0
46 49 2
46 50 0
46 50 1
46 51 0
46 51 1
46 53 2
46 54 1
46 55 0
46 59 2
46 60 0
46 60 1
46 62 0
46 72 0
46 72 1
46 79 2
46 80 1
46 80 2
46 82 2
46 84 2
46 87 0
46 88 0
46 89 1
46 89 2
46 90 0
46 92 0
46 92 2
46 102 2
46 105 1
47 48 0
47 48 1
47 48 2
47 49 0
47 50 0
47 50 2
47 62 0
47 63 0
47 67 2
47 69 2
47 71 0
47 76 0
47 78 1
47 79 1
47 81 2
47 87 0
47 87 2
47 88 0
47 94 1
47 96 0
47 101 1
47 107 0
48 49 0
48 49 1
48 49 2
48 50 0
48 51 2
48 54 1
48 55 0
48 57 2
48 62 0
48 68 1
48 71 0
48 76 1
48 77 0
48 77 1
48 79 1
48 80 1
48 85 0
48 89 1
48 90 0
48 90 2
48 91 1
48 92 0
48 94 2
48 103 0
49 50 1
49 50 2
49 51 1
49 51 2
49 52 0
49 52 1
49 52 2
49 53 0
49 53 2
49 54 0
49 54 1
49 54 2
49 56 0
49 56 1
49 57 0
49 57 1
49 57 2
49 58 1
49 59 2
49 61 1
49 62 1
49 63 2
49 64 0
49 64 1
49 64 2
49 65 0
49 66 2
49 67 0
49 69 0
49 70 2
49 71 2
49 73 1
49 73 2
49 74 0
49 76 0
49 76 1
49 76 2
49 77 0
49 77 2
49 78 0
49 78 1
49 79 1
49 82 1
49 83 0
49 85 0
49 88 0
49 89 1
49 89 2
49 90 1
49 91 2
49 92 2
49 96 0
49 99 1
49 102 2
49 103 0
49 104 0
49 105 1
49 107 0
50 51 2
50 52 1
50 53 2
50 54 0
50 58 1
50 59 2
50 60 0
50 64 0
50 64 1
50 64 2
50 65 0
50 65 1
50 70 1
50 71 2
50 72 0
50 72 2
50 73 1
50 73 2
50 74 0
50 74 2
50 75 1
50 77 1
50 77 2
50 82 0
50 82 1
50 82 2
50 83 2
50 89 1
50 90 0
50 90 1
50 90 2
50 91 1
50 94 0
50 94 1
50 94 2
50 100 0
50 104 0
50 108 1
50 108 2
50 111 0
51 52 1
51 52 2
51 53 0
51 53 2
51 57 0
51 57 1
51 57 2
51 60 0
51 61 1
51 62 0
51 62 1
51 63 2
51 66 1
51 66 2
51 67 0
51 67 2
51 68 1
51 71 2
51 73 0
51 76 0
51 77 0
51 77 1
51 77 2
51 78 0
51 82 2
51 84 1
51 87 1
51 88 2
51 89 1
51 97 0
51 109 1
51 110 1
52 53 0
52 53 2
52 54 1
52 56 0
52 57 0
52 57 2
52 58 0
52 58 1
52 59 2
52 64 0
52 64 1
52 64 2
52 65 2
52 67 2
52 69 1
52 71 0
52 71 1
52 71 2
52 73 0
52 73 1
52 73 2
52 75 1
52 75 2
52 76 2
52 77 0
52 77 1
52 77 2
52 78 0
52 79 0
52 82 2
52 83 1
52 84 2
52 85 0
52 89 2
52 90 0
52 97 1
52 103 0
52 104 1
52 105 2
52 106 1
52 108 1
53 54 0
53 54 2
53 57 0
53 57 2
53 59 0
53 59 2
53 62 2
53 63 2
53 64 2
53 66 2
53 67 0
53 67 2
53 70 0
53 71 0
53 71 2
53 72 2
53 73 0
53 73 2
53 75 2
53 76 2
53 77 0
53 77 2
53 80 2
53 93 2
53 94 2
53 95 2
53 96 2
53 101 2
53 102 2
53 104 0
54 55 0
54 56 2
54 57 0
54 57 1
54 59 2
54 61 2
54 62 2
54 63 0
54 63 1
54 65 1
54 68 1
54 68 2
54 69 1
54 69 2
54 70 0
54 71 0
54 72 2
54 73 0
54 73 1
54 73 2
54 74 0
54 74 1
54 75 2
54 77 1
54 78 0
54 81 2
54 91 2
54 92 1
54 94 2
54 95 2
54 97 1
54 101 1
54 105 1
54 110 1
55 57 2
55 58 1
55 64 2
55 67 0
55 77 0
55 79 0
55 79 1
55 79 2
55 85 1
55 107 0
56 60 2
56 76 0
56 78 0
56 89 1
56 90 0
56 105 0
57 58 0
57 60 2
57 61 1
57 61 2
57 62 2
57 63 2
57 64 2
57 66 1
57 66 2
57 67 0
57 67 1
57 67 2
57 68 2
57 69 1
57 70 2
57 71 2
57 75 2
57 76 0
57 76 2
57 77 0
57 77 1
57 77 2
57 80 2
57 81 2
57 82 2
57 83 0
57 83 1
57 84 2
57 85 2
57 87 1
57 88 2
57 91 2
57 92 2
57 93 2
57 94 2
57 95 2
57 96 2
57 98 2
57 99 1
57 101 2
57 104 0
57 106 2
57 107 2
57 108 2
58 64 1
58 77 1
58 79 0
58 79 1
58 82 1
58 84 1
58 88 0
58 88 1
58 94 1
58 109 1
59 61 2
59 63 2
59 64 2
59 65 2
59 66 2
59 67 2
59 68 2
59 70 2
59 71 2
59 73 2
59 76 2
59 77 2
59 82 2
59 88 2
59 90 2
59 91 2
59 92 2
59 93 2
59 95 2
59 98 2
59 101 2
59 102 2
59 106 2
60 62 0
60 63 0
60 64 2
60 73 0
60 76 0
60 78 0
60 79 1
60 80 1
60 85 0
60 90 1
60 91 2
60 101 2
60 104 1
61 62 0
61 64 1
61 65 0
61 68 2
61 73 1
61 76 0
61 76 1
61 82 0
61 83 0
61 91 0
61 104 0
61 104 1
62 63 0
62 63 1
62 68 1
62 68 2
62 70 0
62 70 1
62 71 0
62 74 0
62 76 1
62 78 0
62 79 0
62 83 1
62 85 0
62 87 0
62 91 1
62 92 1
62 98 2
62 101 1
63 70 0
63 70 1
63 70 2
63 71 1
63 73 2
63 74 2
63 75 1
63 75 2
63 76 2
63 77 2
63 78 1
63 80 2
63 85 2
63 88 0
63 89 1
63 92 2
64 65 1
64 65 2
64 66 2
64 69 0
64 69 2
64 71 0
64 71 1
64 71 2
64 72 1
64 73 1
64 73 2
64 77 0
64 77 1
64 77 2
64 78 0
64 78 1
64 78 2
64 79 2
64 80 2
64 81 0
64 82 0
64 82 1
64 82 2
64 83 1
64 83 2
64 85 0
64 85 1
64 85 2
64 88 1
64 88 2
64 89 0
64 89 1
64 90 2
64 91 1
64 93 2
64 94 0
64 94 1
64 94 2
64 98 2
64 104 1
64 107 2
64 110 1
65 69 0
65 70 1
65 71 0
65 72 0
65 72 1
65 72 2
65 73 0
65 73 1
65 74 0
65 77 0
65 77 1
65 77 2
65 80 2
65 83 0
65 83 1
65 83 2
65 85 0
65 85 1
65 85 2
65 87 1
65 91 2
65 98 2
65 101 1
65 101 2
65 102 2
65 106 2
66 67 2
66 71 1
66 71 2
66 72 2
66 77 1
66 77 2
66 81 1
66 82 2
66 90 2
66 96 2
66 100 1
66 107 2
66 109 1
67 68 2
67 71 2
67 72 2
67 77 0
67 77 1
67 77 2
67 82 2
67 83 0
67 88 2
67 89 2
67 93 2
67 95 2
67 96 0
67 96 2
67 98 2
68 69 2
68 73 1
68 81 2
68 88 2
69 77 1
69 77 2
69 78 1
69 82 0
69 83 0
69 83 1
69 87 1
69 88 2
69 90 0
69 92 1
69 95 2
69 101 1
69 107 0
69 109 1
70 73 0
70 75 1
70 77 2
70 83 1
70 83 2
70 85 1
70 87 0
70 87 2
70 95 2
70 99 1
70 101 2
70 102 2
70 111 1
71 73 0
71 73 1
71 73 2
71 75 2
71 76 1
71 77 2
71 78 0
71 81 2
71 82 2
71 83 1
71 85 0
71 87 0
71 88 0
71 89 2
71 91 0
71 91 1
71 91 2
71 95 2
71 96 0
71 96 2
71 99 0
71 99 1
71 104 0
71 108 0
72 76 1
72 77 1
72 77 2
72 80 1
72 83 1
72 84 2
72 85 1
72 85 2
72 87 1
72 88 2
72 91 2
72 94 1
72 104 0
72 104 2
73 78 0
73 79 1
73 85 0
73 92 0
73 92 1
73 94 2
73 97 0
73 101 1
73 107 2
73 108 1
74 76 0
74 77 0
74 83 0
74 84 1
74 85 1
74 91 0
74 104 0
74 106 1
74 108 0
75 79 2
75 80 1
75 83 1
75 84 2
75 88 1
75 89 1
75 91 2
75 92 1
75 94 2
75 96 2
75 98 2
75 99 1
75 101 1
75 101 2
75 105 1
75 107 2
76 77 2
76 80 0
76 81 0
76 83 0
76 85 0
76 90 0
76 91 0
76 94 0
76 96 2
76 97 0
76 101 1
76 101 2
76 102 2
76 104 1
76 105 2
76 108 0
76 111 0
77 78 0
77 79 0
77 79 2
77 80 2
77 81 0
77 81 2
77 82 0
77 82 1
77 82 2
77 83 1
77 84 1
77 85 1
77 85 2
77 86 2
77 88 1
77 89 1
77 90 0
77 90 1
77 90 2
77 91 2
77 93 2
77 95 2
77 97 0
77 98 2
77 100 1
77 103 0
77 104 0
77 109 1
77 111 1
78 79 1
78 80 0
78 87 0
78 90 0
78 97 0
78 109 1
79 83 1
79 84 1
79 85 1
79 88 1
79 88 2
79 89 1
79 96 0
79 101 2
79 104 1
79 109 1
79 111 1
80 83 1
80 88 2
80 90 0
80 91 2
80 96 2
80 107 2
81 82 0
81 82 1
81 85 1
81 88 0
81 94 0
81 96 2
81 103 0
81 108 0
81 111 0
82 83 1
82 85 1
82 89 2
82 95 2
82 101 2
82 102 2
82 110 1
83 84 1
83 85 0
83 85 1
83 86 2
83 87 0
83 89 0
83 90 1
83 91 0
83 91 1
83 91 2
83 94 0
83 95 2
83 99 0
83 99 1
83 104 0
83 104 1
83 104 2
83 108 1
83 110 1
84 86 2
84 90 1
85 90 1
85 97 1
85 100 0
86 91 1
86 91 2
86 98 2
86 104 0
86 104 2
86 110 1
87 91 0
87 92 0
87 104 1
88 89 2
88 92 2
88 101 2
88 105 2
89 94 2
90 94 0
90 103 0
90 104 1
90 108 0
90 111 0
91 94 0
91 96 2
91 98 2
91 99 1
91 104 0
91 106 0
91 111 0
92 95 2
92 98 2
92 102 2
92 105 2
92 106 0
94 98 2
94 99 0
94 108 0
94 111 0
95 102 2
96 102 2
96 107 0
97 105 1
97 109 1
97 110 1
97 111 1
99 104 1
101 105 2
102 104 2
104 108 2
104 109 1
106 108 1
108 111 0
